      x:      approx:     exact:  
     0.00000000  2.4975019E-05     0.00000000
  0.00049975012  2.4850517E-05   0.0044853071
  0.00099950025  3.7151895E-05   0.0089457636
   0.0014992504  4.9371304E-05    0.013381493
   0.0019990005  6.1509203E-05    0.017792620
   0.0024987506  7.3566050E-05    0.022179265
   0.0029985007  8.5542300E-05    0.026541552
   0.0034982509  9.7438407E-05    0.030879602
   0.0039980010  0.00010925482    0.035193535
   0.0044977511  0.00012099199    0.039483472
   0.0049975012  0.00013265036    0.043749532
   0.0054972514  0.00014423037    0.047991835
   0.0059970015  0.00015573246    0.052210498
   0.0064967516  0.00016715708    0.056405640
   0.0069965017  0.00017850465    0.060577378
   0.0074962519  0.00018977562    0.064725828
   0.0079960020  0.00020097042    0.068851108
   0.0084957521  0.00021208946    0.072953331
   0.0089955022  0.00022313319    0.077032614
   0.0094952524  0.00023410202    0.081089070
   0.0099950025  0.00024499638    0.085122813
    0.010494753  0.00025581669    0.089133957
    0.010994503  0.00026656336    0.093122613
    0.011494253  0.00027723682    0.097088896
    0.011994003  0.00028783747     0.10103291
    0.012493753  0.00029836572     0.10495478
    0.012993503  0.00030882199     0.10885461
    0.013493253  0.00031920668     0.11273250
    0.013993003  0.00032952020     0.11658857
    0.014492754  0.00033976295     0.12042293
    0.014992504  0.00034993533     0.12423568
    0.015492254  0.00036003773     0.12802693
    0.015992004  0.00037007056     0.13179679
    0.016491754  0.00038003421     0.13554537
    0.016991504  0.00038992907     0.13927277
    0.017491254  0.00039975553     0.14297910
    0.017991004  0.00040951397     0.14666446
    0.018490755  0.00041920479     0.15032896
    0.018990505  0.00042882837     0.15397270
    0.019490255  0.00043838508     0.15759578
    0.019990005  0.00044787531     0.16119831
    0.020489755  0.00045729944     0.16478039
    0.020989505  0.00046665784     0.16834213
    0.021489255  0.00047595089     0.17188362
    0.021989005  0.00048517895     0.17540496
    0.022488756  0.00049434239     0.17890625
    0.022988506  0.00050344159     0.18238760
    0.023488256  0.00051247691     0.18584911
    0.023988006  0.00052144871     0.18929087
    0.024487756  0.00053035735     0.19271298
    0.024987506  0.00053920320     0.19611554
    0.025487256  0.00054798661     0.19949864
    0.025987006  0.00055670793     0.20286239
    0.026486757  0.00056536753     0.20620689
    0.026986507  0.00057396575     0.20953221
    0.027486257  0.00058250295     0.21283847
    0.027986007  0.00059097946     0.21612576
    0.028485757  0.00059939565     0.21939417
    0.028985507  0.00060775185     0.22264379
    0.029485257  0.00061604840     0.22587472
    0.029985007  0.00062428565     0.22908706
    0.030484758  0.00063246393     0.23228089
    0.030984508  0.00064058359     0.23545631
    0.031484258  0.00064864496     0.23861340
    0.031984008  0.00065664837     0.24175227
    0.032483758  0.00066459415     0.24487300
    0.032983508  0.00067248264     0.24797568
    0.033483258  0.00068031416     0.25106041
    0.033983008  0.00068808903     0.25412726
    0.034482759  0.00069580760     0.25717634
    0.034982509  0.00070347016     0.26020772
    0.035482259  0.00071107706     0.26322150
    0.035982009  0.00071862860     0.26621777
    0.036481759  0.00072612511     0.26919661
    0.036981509  0.00073356691     0.27215811
    0.037481259  0.00074095429     0.27510235
    0.037981009  0.00074828759     0.27802942
    0.038480760  0.00075556711     0.28093942
    0.038980510  0.00076279315     0.28383241
    0.039480260  0.00076996604     0.28670849
    0.039980010  0.00077708606     0.28956775
    0.040479760  0.00078415354     0.29241026
    0.040979510  0.00079116877     0.29523611
    0.041479260  0.00079813204     0.29804538
    0.041979010  0.00080504367     0.30083815
    0.042478761  0.00081190395     0.30361451
    0.042978511  0.00081871318     0.30637454
    0.043478261  0.00082547164     0.30911832
    0.043978011  0.00083217964     0.31184593
    0.044477761  0.00083883747     0.31455745
    0.044977511  0.00084544541     0.31725297
    0.045477261  0.00085200375     0.31993255
    0.045977011  0.00085851279     0.32259629
    0.046476762  0.00086497280     0.32524426
    0.046976512  0.00087138407     0.32787653
    0.047476262  0.00087774688     0.33049320
    0.047976012  0.00088406152     0.33309432
    0.048475762  0.00089032826     0.33567999
    0.048975512  0.00089654738     0.33825028
    0.049475262  0.00090271916     0.34080526
    0.049975012  0.00090884387     0.34334502
    0.050474763  0.00091492178     0.34586963
    0.050974513  0.00092095317     0.34837915
    0.051474263  0.00092693831     0.35087368
    0.051974013  0.00093287746     0.35335328
    0.052473763  0.00093877090     0.35581803
    0.052973513  0.00094461888     0.35826800
    0.053473263  0.00095042168     0.36070326
    0.053973013  0.00095617956     0.36312390
    0.054472764  0.00096189277     0.36552998
    0.054972514  0.00096756159     0.36792157
    0.055472264  0.00097318626     0.37029875
    0.055972014  0.00097876704     0.37266158
    0.056471764  0.00098430420     0.37501015
    0.056971514  0.00098979799     0.37734452
    0.057471264  0.00099524865     0.37966476
    0.057971014   0.0010006564     0.38197094
    0.058470765   0.0010060216     0.38426313
    0.058970515   0.0010113444     0.38654141
    0.059470265   0.0010166251     0.38880584
    0.059970015   0.0010218639     0.39105649
    0.060469765   0.0010270611     0.39329342
    0.060969515   0.0010322169     0.39551672
    0.061469265   0.0010373316     0.39772644
    0.061969015   0.0010424053     0.39992266
    0.062468766   0.0010474384     0.40210543
    0.062968516   0.0010524311     0.40427483
    0.063468266   0.0010573836     0.40643093
    0.063968016   0.0010622962     0.40857379
    0.064467766   0.0010671690     0.41070347
    0.064967516   0.0010720023     0.41282005
    0.065467266   0.0010767964     0.41492358
    0.065967016   0.0010815515     0.41701414
    0.066466767   0.0010862678     0.41909178
    0.066966517   0.0010909455     0.42115658
    0.067466267   0.0010955849     0.42320859
    0.067966017   0.0011001862     0.42524788
    0.068465767   0.0011047497     0.42727452
    0.068965517   0.0011092754     0.42928856
    0.069465267   0.0011137637     0.43129007
    0.069965017   0.0011182149     0.43327911
    0.070464768   0.0011226290     0.43525574
    0.070964518   0.0011270063     0.43722003
    0.071464268   0.0011313471     0.43917203
    0.071964018   0.0011356515     0.44111182
    0.072463768   0.0011399199     0.44303944
    0.072963518   0.0011441523     0.44495496
    0.073463268   0.0011483490     0.44685845
    0.073963018   0.0011525102     0.44874995
    0.074462769   0.0011566361     0.45062953
    0.074962519   0.0011607270     0.45249725
    0.075462269   0.0011647830     0.45435317
    0.075962019   0.0011688044     0.45619734
    0.076461769   0.0011727913     0.45802984
    0.076961519   0.0011767440     0.45985070
    0.077461269   0.0011806627     0.46166000
    0.077961019   0.0011845475     0.46345778
    0.078460770   0.0011883987     0.46524412
    0.078960520   0.0011922164     0.46701906
    0.079460270   0.0011960009     0.46878265
    0.079960020   0.0011997524     0.47053497
    0.080459770   0.0012034710     0.47227606
    0.080959520   0.0012071570     0.47400598
    0.081459270   0.0012108106     0.47572478
    0.081959020   0.0012144319     0.47743252
    0.082458771   0.0012180212     0.47912926
    0.082958521   0.0012215785     0.48081505
    0.083458271   0.0012251042     0.48248995
    0.083958021   0.0012285985     0.48415400
    0.084457771   0.0012320614     0.48580727
    0.084957521   0.0012354932     0.48744980
    0.085457271   0.0012388941     0.48908166
    0.085957021   0.0012422642     0.49070289
    0.086456772   0.0012456038     0.49231355
    0.086956522   0.0012489131     0.49391368
    0.087456272   0.0012521921     0.49550335
    0.087956022   0.0012554411     0.49708261
    0.088455772   0.0012586604     0.49865150
    0.088955522   0.0012618499     0.50021007
    0.089455272   0.0012650100     0.50175839
    0.089955022   0.0012681409     0.50329650
    0.090454773   0.0012712426     0.50482444
    0.090954523   0.0012743153     0.50634228
    0.091454273   0.0012773594     0.50785007
    0.091954023   0.0012803748     0.50934784
    0.092453773   0.0012833618     0.51083566
    0.092953523   0.0012863206     0.51231357
    0.093453273   0.0012892513     0.51378162
    0.093953023   0.0012921541     0.51523986
    0.094452774   0.0012950291     0.51668834
    0.094952524   0.0012978767     0.51812711
    0.095452274   0.0013006968     0.51955622
    0.095952024   0.0013034896     0.52097571
    0.096451774   0.0013062555     0.52238563
    0.096951524   0.0013089944     0.52378603
    0.097451274   0.0013117066     0.52517696
    0.097951024   0.0013143922     0.52655847
    0.098450775   0.0013170514     0.52793060
    0.098950525   0.0013196843     0.52929339
    0.099450275   0.0013222912     0.53064690
    0.099950025   0.0013248721     0.53199118
     0.10044978   0.0013274273     0.53332626
     0.10094953   0.0013299568     0.53465219
     0.10144928   0.0013324609     0.53596903
     0.10194903   0.0013349397     0.53727680
     0.10244878   0.0013373934     0.53857557
     0.10294853   0.0013398220     0.53986537
     0.10344828   0.0013422258     0.54114625
     0.10394803   0.0013446049     0.54241826
     0.10444778   0.0013469595     0.54368143
     0.10494753   0.0013492897     0.54493582
     0.10544728   0.0013515957     0.54618146
     0.10594703   0.0013538775     0.54741839
     0.10644678   0.0013561355     0.54864668
     0.10694653   0.0013583696     0.54986634
     0.10744628   0.0013605801     0.55107744
     0.10794603   0.0013627671     0.55228001
     0.10844578   0.0013649308     0.55347409
     0.10894553   0.0013670712     0.55465973
     0.10944528   0.0013691886     0.55583697
     0.10994503   0.0013712830     0.55700584
     0.11044478   0.0013733547     0.55816640
     0.11094453   0.0013754037     0.55931868
     0.11144428   0.0013774302     0.56046273
     0.11194403   0.0013794344     0.56159858
     0.11244378   0.0013814164     0.56272628
     0.11294353   0.0013833762     0.56384587
     0.11344328   0.0013853141     0.56495738
     0.11394303   0.0013872302     0.56606087
     0.11444278   0.0013891246     0.56715636
     0.11494253   0.0013909975     0.56824389
     0.11544228   0.0013928490     0.56932352
     0.11594203   0.0013946792     0.57039527
     0.11644178   0.0013964883     0.57145919
     0.11694153   0.0013982763     0.57251531
     0.11744128   0.0014000435     0.57356368
     0.11794103   0.0014017899     0.57460433
     0.11844078   0.0014035157     0.57563730
     0.11894053   0.0014052211     0.57666263
     0.11944028   0.0014069060     0.57768036
     0.11994003   0.0014085708     0.57869052
     0.12043978   0.0014102154     0.57969316
     0.12093953   0.0014118401     0.58068831
     0.12143928   0.0014134449     0.58167600
     0.12193903   0.0014150299     0.58265628
     0.12243878   0.0014165954     0.58362919
     0.12293853   0.0014181414     0.58459475
     0.12343828   0.0014196680     0.58555300
     0.12393803   0.0014211754     0.58650399
     0.12443778   0.0014226637     0.58744775
     0.12493753   0.0014241329     0.58838431
     0.12543728   0.0014255833     0.58931371
     0.12593703   0.0014270150     0.59023599
     0.12643678   0.0014284280     0.59115118
     0.12693653   0.0014298225     0.59205931
     0.12743628   0.0014311986     0.59296043
     0.12793603   0.0014325564     0.59385456
     0.12843578   0.0014338961     0.59474175
     0.12893553   0.0014352176     0.59562202
     0.12943528   0.0014365213     0.59649541
     0.12993503   0.0014378071     0.59736196
     0.13043478   0.0014390752     0.59822169
     0.13093453   0.0014403258     0.59907465
     0.13143428   0.0014415588     0.59992087
     0.13193403   0.0014427745     0.60076038
     0.13243378   0.0014439729     0.60159321
     0.13293353   0.0014451541     0.60241939
     0.13343328   0.0014463183     0.60323897
     0.13393303   0.0014474656     0.60405197
     0.13443278   0.0014485960     0.60485843
     0.13493253   0.0014497098     0.60565837
     0.13543228   0.0014508069     0.60645184
     0.13593203   0.0014518875     0.60723886
     0.13643178   0.0014529517     0.60801946
     0.13693153   0.0014539996     0.60879369
     0.13743128   0.0014550314     0.60956156
     0.13793103   0.0014560470     0.61032311
     0.13843078   0.0014570467     0.61107838
     0.13893053   0.0014580305     0.61182739
     0.13943028   0.0014589986     0.61257017
     0.13993003   0.0014599509     0.61330676
     0.14042979   0.0014608877     0.61403719
     0.14092954   0.0014618091     0.61476148
     0.14142929   0.0014627150     0.61547968
     0.14192904   0.0014636057     0.61619180
     0.14242879   0.0014644812     0.61689788
     0.14292854   0.0014653417     0.61759795
     0.14342829   0.0014661872     0.61829204
     0.14392804   0.0014670178     0.61898018
     0.14442779   0.0014678336     0.61966239
     0.14492754   0.0014686348     0.62033872
     0.14542729   0.0014694213     0.62100918
     0.14592704   0.0014701934     0.62167380
     0.14642679   0.0014709511     0.62233263
     0.14692654   0.0014716945     0.62298568
     0.14742629   0.0014724236     0.62363298
     0.14792604   0.0014731387     0.62427456
     0.14842579   0.0014738397     0.62491045
     0.14892554   0.0014745268     0.62554069
     0.14942529   0.0014752001     0.62616529
     0.14992504   0.0014758596     0.62678428
     0.15042479   0.0014765055     0.62739770
     0.15092454   0.0014771378     0.62800557
     0.15142429   0.0014777566     0.62860792
     0.15192404   0.0014783621     0.62920477
     0.15242379   0.0014789542     0.62979616
     0.15292354   0.0014795332     0.63038211
     0.15342329   0.0014800990     0.63096264
     0.15392304   0.0014806517     0.63153779
     0.15442279   0.0014811916     0.63210759
     0.15492254   0.0014817185     0.63267205
     0.15542229   0.0014822327     0.63323120
     0.15592204   0.0014827342     0.63378508
     0.15642179   0.0014832231     0.63433371
     0.15692154   0.0014836995     0.63487710
     0.15742129   0.0014841634     0.63541530
     0.15792104   0.0014846150     0.63594833
     0.15842079   0.0014850543     0.63647621
     0.15892054   0.0014854814     0.63699896
     0.15942029   0.0014858964     0.63751662
     0.15992004   0.0014862994     0.63802920
     0.16041979   0.0014866904     0.63853674
     0.16091954   0.0014870696     0.63903926
     0.16141929   0.0014874370     0.63953678
     0.16191904   0.0014877926     0.64002933
     0.16241879   0.0014881367     0.64051693
     0.16291854   0.0014884692     0.64099961
     0.16341829   0.0014887902     0.64147740
     0.16391804   0.0014890998     0.64195031
     0.16441779   0.0014893982     0.64241837
     0.16491754   0.0014896852     0.64288161
     0.16541729   0.0014899612     0.64334005
     0.16591704   0.0014902260     0.64379371
     0.16641679   0.0014904798     0.64424262
     0.16691654   0.0014907227     0.64468680
     0.16741629   0.0014909547     0.64512627
     0.16791604   0.0014911760     0.64556106
     0.16841579   0.0014913865     0.64599120
     0.16891554   0.0014915864     0.64641670
     0.16941529   0.0014917757     0.64683758
     0.16991504   0.0014919545     0.64725388
     0.17041479   0.0014921229     0.64766561
     0.17091454   0.0014922810     0.64807280
     0.17141429   0.0014924288     0.64847546
     0.17191404   0.0014925663     0.64887363
     0.17241379   0.0014926938     0.64926732
     0.17291354   0.0014928111     0.64965656
     0.17341329   0.0014929185     0.65004136
     0.17391304   0.0014930159     0.65042176
     0.17441279   0.0014931035     0.65079777
     0.17491254   0.0014931813     0.65116941
     0.17541229   0.0014932494     0.65153671
     0.17591204   0.0014933078     0.65189969
     0.17641179   0.0014933566     0.65225837
     0.17691154   0.0014933960     0.65261276
     0.17741129   0.0014934258     0.65296290
     0.17791104   0.0014934463     0.65330881
     0.17841079   0.0014934574     0.65365049
     0.17891054   0.0014934593     0.65398799
     0.17941029   0.0014934520     0.65432131
     0.17991004   0.0014934356     0.65465047
     0.18040980   0.0014934101     0.65497551
     0.18090955   0.0014933757     0.65529643
     0.18140930   0.0014933322     0.65561326
     0.18190905   0.0014932800     0.65592603
     0.18240880   0.0014932189     0.65623474
     0.18290855   0.0014931490     0.65653942
     0.18340830   0.0014930705     0.65684009
     0.18390805   0.0014929834     0.65713677
     0.18440780   0.0014928877     0.65742948
     0.18490755   0.0014927835     0.65771824
     0.18540730   0.0014926708     0.65800307
     0.18590705   0.0014925498     0.65828399
     0.18640680   0.0014924205     0.65856102
     0.18690655   0.0014922829     0.65883418
     0.18740630   0.0014921371     0.65910348
     0.18790605   0.0014919832     0.65936895
     0.18840580   0.0014918212     0.65963060
     0.18890555   0.0014916512     0.65988846
     0.18940530   0.0014914732     0.66014254
     0.18990505   0.0014912873     0.66039287
     0.19040480   0.0014910935     0.66063945
     0.19090455   0.0014908920     0.66088232
     0.19140430   0.0014906827     0.66112148
     0.19190405   0.0014904657     0.66135696
     0.19240380   0.0014902411     0.66158878
     0.19290355   0.0014900090     0.66181695
     0.19340330   0.0014897693     0.66204149
     0.19390305   0.0014895222     0.66226241
     0.19440280   0.0014892677     0.66247975
     0.19490255   0.0014890058     0.66269351
     0.19540230   0.0014887366     0.66290372
     0.19590205   0.0014884602     0.66311038
     0.19640180   0.0014881766     0.66331353
     0.19690155   0.0014878859     0.66351317
     0.19740130   0.0014875881     0.66370932
     0.19790105   0.0014872833     0.66390201
     0.19840080   0.0014869714     0.66409124
     0.19890055   0.0014866527     0.66427704
     0.19940030   0.0014863271     0.66445943
     0.19990005   0.0014859947     0.66463841
     0.20039980   0.0014856554     0.66481401
     0.20089955   0.0014853095     0.66498624
     0.20139930   0.0014849569     0.66515512
     0.20189905   0.0014845977     0.66532067
     0.20239880   0.0014842319     0.66548290
     0.20289855   0.0014838596     0.66564183
     0.20339830   0.0014834808     0.66579748
     0.20389805   0.0014830956     0.66594986
     0.20439780   0.0014827041     0.66609900
     0.20489755   0.0014823062     0.66624489
     0.20539730   0.0014819020     0.66638757
     0.20589705   0.0014814916     0.66652705
     0.20639680   0.0014810750     0.66666334
     0.20689655   0.0014806523     0.66679646
     0.20739630   0.0014802235     0.66692642
     0.20789605   0.0014797886     0.66705324
     0.20839580   0.0014793478     0.66717695
     0.20889555   0.0014789010     0.66729754
     0.20939530   0.0014784483     0.66741504
     0.20989505   0.0014779897     0.66752947
     0.21039480   0.0014775254     0.66764083
     0.21089455   0.0014770552     0.66774915
     0.21139430   0.0014765794     0.66785443
     0.21189405   0.0014760978     0.66795670
     0.21239380   0.0014756107     0.66805597
     0.21289355   0.0014751179     0.66815225
     0.21339330   0.0014746196     0.66824556
     0.21389305   0.0014741158     0.66833592
     0.21439280   0.0014736066     0.66842333
     0.21489255   0.0014730919     0.66850782
     0.21539230   0.0014725719     0.66858939
     0.21589205   0.0014720465     0.66866807
     0.21639180   0.0014715158     0.66874386
     0.21689155   0.0014709799     0.66881679
     0.21739130   0.0014704388     0.66888686
     0.21789105   0.0014698925     0.66895409
     0.21839080   0.0014693412     0.66901849
     0.21889055   0.0014687847     0.66908008
     0.21939030   0.0014682232     0.66913887
     0.21989005   0.0014676566     0.66919488
     0.22038981   0.0014670852     0.66924812
     0.22088956   0.0014665088     0.66929860
     0.22138931   0.0014659275     0.66934634
     0.22188906   0.0014653414     0.66939135
     0.22238881   0.0014647505     0.66943364
     0.22288856   0.0014641548     0.66947323
     0.22338831   0.0014635544     0.66951014
     0.22388806   0.0014629493     0.66954436
     0.22438781   0.0014623396     0.66957593
     0.22488756   0.0014617253     0.66960485
     0.22538731   0.0014611064     0.66963113
     0.22588706   0.0014604829     0.66965479
     0.22638681   0.0014598550     0.66967584
     0.22688656   0.0014592226     0.66969430
     0.22738631   0.0014585858     0.66971017
     0.22788606   0.0014579446     0.66972347
     0.22838581   0.0014572991     0.66973421
     0.22888556   0.0014566492     0.66974241
     0.22938531   0.0014559951     0.66974808
     0.22988506   0.0014553367     0.66975123
     0.23038481   0.0014546742     0.66975187
     0.23088456   0.0014540074     0.66975002
     0.23138431   0.0014533366     0.66974568
     0.23188406   0.0014526616     0.66973888
     0.23238381   0.0014519826     0.66972962
     0.23288356   0.0014512996     0.66971791
     0.23338331   0.0014506125     0.66970377
     0.23388306   0.0014499215     0.66968721
     0.23438281   0.0014492266     0.66966824
     0.23488256   0.0014485278     0.66964687
     0.23538231   0.0014478251     0.66962312
     0.23588206   0.0014471186     0.66959700
     0.23638181   0.0014464083     0.66956852
     0.23688156   0.0014456943     0.66953768
     0.23738131   0.0014449765     0.66950451
     0.23788106   0.0014442550     0.66946902
     0.23838081   0.0014435299     0.66943121
     0.23888056   0.0014428012     0.66939109
     0.23938031   0.0014420688     0.66934869
     0.23988006   0.0014413329     0.66930400
     0.24037981   0.0014405935     0.66925705
     0.24087956   0.0014398505     0.66920784
     0.24137931   0.0014391041     0.66915639
     0.24187906   0.0014383543     0.66910270
     0.24237881   0.0014376010     0.66904678
     0.24287856   0.0014368444     0.66898866
     0.24337831   0.0014360844     0.66892833
     0.24387806   0.0014353211     0.66886581
     0.24437781   0.0014345545     0.66880111
     0.24487756   0.0014337847     0.66873425
     0.24537731   0.0014330116     0.66866522
     0.24587706   0.0014322354     0.66859405
     0.24637681   0.0014314559     0.66852075
     0.24687656   0.0014306734     0.66844531
     0.24737631   0.0014298877     0.66836776
     0.24787606   0.0014290989     0.66828811
     0.24837581   0.0014283071     0.66820637
     0.24887556   0.0014275123     0.66812253
     0.24937531   0.0014267145     0.66803663
     0.24987506   0.0014259137     0.66794866
     0.25037481   0.0014251100     0.66785864
     0.25087456   0.0014243033     0.66776658
     0.25137431   0.0014234938     0.66767249
     0.25187406   0.0014226814     0.66757637
     0.25237381   0.0014218662     0.66747824
     0.25287356   0.0014210482     0.66737811
     0.25337331   0.0014202274     0.66727599
     0.25387306   0.0014194039     0.66717189
     0.25437281   0.0014185776     0.66706581
     0.25487256   0.0014177487     0.66695777
     0.25537231   0.0014169171     0.66684778
     0.25587206   0.0014160828     0.66673585
     0.25637181   0.0014152459     0.66662198
     0.25687156   0.0014144065     0.66650619
     0.25737131   0.0014135644     0.66638849
     0.25787106   0.0014127199     0.66626888
     0.25837081   0.0014118728     0.66614737
     0.25887056   0.0014110232     0.66602398
     0.25937031   0.0014101712     0.66589872
     0.25987006   0.0014093167     0.66577158
     0.26036982   0.0014084598     0.66564260
     0.26086957   0.0014076006     0.66551176
     0.26136932   0.0014067389     0.66537908
     0.26186907   0.0014058749     0.66524457
     0.26236882   0.0014050086     0.66510825
     0.26286857   0.0014041400     0.66497011
     0.26336832   0.0014032692     0.66483017
     0.26386807   0.0014023961     0.66468843
     0.26436782   0.0014015208     0.66454491
     0.26486757   0.0014006432     0.66439962
     0.26536732   0.0013997635     0.66425256
     0.26586707   0.0013988817     0.66410374
     0.26636682   0.0013979977     0.66395317
     0.26686657   0.0013971116     0.66380086
     0.26736632   0.0013962234     0.66364681
     0.26786607   0.0013953332     0.66349105
     0.26836582   0.0013944409     0.66333357
     0.26886557   0.0013935466     0.66317438
     0.26936532   0.0013926504     0.66301350
     0.26986507   0.0013917521     0.66285093
     0.27036482   0.0013908519     0.66268668
     0.27086457   0.0013899498     0.66252075
     0.27136432   0.0013890457     0.66235316
     0.27186407   0.0013881398     0.66218391
     0.27236382   0.0013872320     0.66201302
     0.27286357   0.0013863223     0.66184049
     0.27336332   0.0013854109     0.66166633
     0.27386307   0.0013844976     0.66149054
     0.27436282   0.0013835826     0.66131314
     0.27486257   0.0013826658     0.66113413
     0.27536232   0.0013817472     0.66095352
     0.27586207   0.0013808269     0.66077133
     0.27636182   0.0013799050     0.66058755
     0.27686157   0.0013789813     0.66040219
     0.27736132   0.0013780560     0.66021527
     0.27786107   0.0013771290     0.66002679
     0.27836082   0.0013762005     0.65983675
     0.27886057   0.0013752703     0.65964518
     0.27936032   0.0013743385     0.65945206
     0.27986007   0.0013734052     0.65925742
     0.28035982   0.0013724704     0.65906126
     0.28085957   0.0013715340     0.65886358
     0.28135932   0.0013705961     0.65866440
     0.28185907   0.0013696567     0.65846372
     0.28235882   0.0013687159     0.65826155
     0.28285857   0.0013677736     0.65805790
     0.28335832   0.0013668299     0.65785277
     0.28385807   0.0013658847     0.65764617
     0.28435782   0.0013649382     0.65743811
     0.28485757   0.0013639903     0.65722859
     0.28535732   0.0013630410     0.65701763
     0.28585707   0.0013620904     0.65680523
     0.28635682   0.0013611385     0.65659140
     0.28685657   0.0013601853     0.65637614
     0.28735632   0.0013592307     0.65615947
     0.28785607   0.0013582750     0.65594138
     0.28835582   0.0013573179     0.65572189
     0.28885557   0.0013563596     0.65550100
     0.28935532   0.0013554001     0.65527873
     0.28985507   0.0013544394     0.65505507
     0.29035482   0.0013534776     0.65483003
     0.29085457   0.0013525145     0.65460362
     0.29135432   0.0013515503     0.65437585
     0.29185407   0.0013505850     0.65414673
     0.29235382   0.0013496185     0.65391626
     0.29285357   0.0013486510     0.65368444
     0.29335332   0.0013476823     0.65345129
     0.29385307   0.0013467126     0.65321681
     0.29435282   0.0013457418     0.65298101
     0.29485257   0.0013447700     0.65274389
     0.29535232   0.0013437972     0.65250546
     0.29585207   0.0013428234     0.65226573
     0.29635182   0.0013418485     0.65202470
     0.29685157   0.0013408727     0.65178239
     0.29735132   0.0013398960     0.65153879
     0.29785107   0.0013389183     0.65129391
     0.29835082   0.0013379396     0.65104777
     0.29885057   0.0013369601     0.65080036
     0.29935032   0.0013359796     0.65055169
     0.29985007   0.0013349983     0.65030177
     0.30034983   0.0013340161     0.65005061
     0.30084958   0.0013330330     0.64979820
     0.30134933   0.0013320491     0.64954457
     0.30184908   0.0013310644     0.64928970
     0.30234883   0.0013300789     0.64903362
     0.30284858   0.0013290925     0.64877632
     0.30334833   0.0013281054     0.64851781
     0.30384808   0.0013271175     0.64825810
     0.30434783   0.0013261289     0.64799719
     0.30484758   0.0013251395     0.64773510
     0.30534733   0.0013241494     0.64747182
     0.30584708   0.0013231586     0.64720736
     0.30634683   0.0013221670     0.64694172
     0.30684658   0.0013211748     0.64667492
     0.30734633   0.0013201819     0.64640696
     0.30784608   0.0013191884     0.64613785
     0.30834583   0.0013181942     0.64586758
     0.30884558   0.0013171993     0.64559617
     0.30934533   0.0013162039     0.64532362
     0.30984508   0.0013152078     0.64504994
     0.31034483   0.0013142112     0.64477513
     0.31084458   0.0013132139     0.64449921
     0.31134433   0.0013122161     0.64422216
     0.31184408   0.0013112178     0.64394401
     0.31234383   0.0013102188     0.64366475
     0.31284358   0.0013092194     0.64338439
     0.31334333   0.0013082195     0.64310294
     0.31384308   0.0013072190     0.64282040
     0.31434283   0.0013062180     0.64253678
     0.31484258   0.0013052166     0.64225208
     0.31534233   0.0013042147     0.64196631
     0.31584208   0.0013032123     0.64167947
     0.31634183   0.0013022095     0.64139157
     0.31684158   0.0013012062     0.64110261
     0.31734133   0.0013002025     0.64081261
     0.31784108   0.0012991985     0.64052155
     0.31834083   0.0012981940     0.64022946
     0.31884058   0.0012971891     0.63993634
     0.31934033   0.0012961838     0.63964218
     0.31984008   0.0012951782     0.63934700
     0.32033983   0.0012941722     0.63905080
     0.32083958   0.0012931659     0.63875358
     0.32133933   0.0012921593     0.63845536
     0.32183908   0.0012911523     0.63815613
     0.32233883   0.0012901450     0.63785590
     0.32283858   0.0012891374     0.63755467
     0.32333833   0.0012881296     0.63725246
     0.32383808   0.0012871214     0.63694926
     0.32433783   0.0012861130     0.63664508
     0.32483758   0.0012851043     0.63633993
     0.32533733   0.0012840954     0.63603381
     0.32583708   0.0012830862     0.63572672
     0.32633683   0.0012820768     0.63541867
     0.32683658   0.0012810673     0.63510967
     0.32733633   0.0012800574     0.63479972
     0.32783608   0.0012790474     0.63448881
     0.32833583   0.0012780373     0.63417697
     0.32883558   0.0012770269     0.63386420
     0.32933533   0.0012760164     0.63355049
     0.32983508   0.0012750057     0.63323585
     0.33033483   0.0012739949     0.63292029
     0.33083458   0.0012729839     0.63260381
     0.33133433   0.0012719728     0.63228642
     0.33183408   0.0012709616     0.63196812
     0.33233383   0.0012699503     0.63164891
     0.33283358   0.0012689389     0.63132881
     0.33333333   0.0012679274     0.63100781
     0.33383308   0.0012669158     0.63068592
     0.33433283   0.0012659042     0.63036314
     0.33483258   0.0012648925     0.63003948
     0.33533233   0.0012638807     0.62971494
     0.33583208   0.0012628689     0.62938953
     0.33633183   0.0012618571     0.62906325
     0.33683158   0.0012608452     0.62873610
     0.33733133   0.0012598333     0.62840810
     0.33783108   0.0012588214     0.62807924
     0.33833083   0.0012578096     0.62774953
     0.33883058   0.0012567977     0.62741897
     0.33933033   0.0012557858     0.62708756
     0.33983008   0.0012547740     0.62675532
     0.34032984   0.0012537622     0.62642224
     0.34082959   0.0012527505     0.62608833
     0.34132934   0.0012517388     0.62575360
     0.34182909   0.0012507271     0.62541804
     0.34232884   0.0012497156     0.62508166
     0.34282859   0.0012487041     0.62474447
     0.34332834   0.0012476927     0.62440647
     0.34382809   0.0012466813     0.62406767
     0.34432784   0.0012456701     0.62372806
     0.34482759   0.0012446590     0.62338765
     0.34532734   0.0012436480     0.62304645
     0.34582709   0.0012426372     0.62270446
     0.34632684   0.0012416265     0.62236168
     0.34682659   0.0012406159     0.62201812
     0.34732634   0.0012396054     0.62167378
     0.34782609   0.0012385951     0.62132867
     0.34832584   0.0012375850     0.62098278
     0.34882559   0.0012365751     0.62063613
     0.34932534   0.0012355653     0.62028872
     0.34982509   0.0012345557     0.61994055
     0.35032484   0.0012335463     0.61959162
     0.35082459   0.0012325371     0.61924194
     0.35132434   0.0012315281     0.61889151
     0.35182409   0.0012305193     0.61854033
     0.35232384   0.0012295107     0.61818842
     0.35282359   0.0012285024     0.61783577
     0.35332334   0.0012274943     0.61748239
     0.35382309   0.0012264865     0.61712827
     0.35432284   0.0012254788     0.61677344
     0.35482259   0.0012244715     0.61641787
     0.35532234   0.0012234644     0.61606159
     0.35582209   0.0012224576     0.61570460
     0.35632184   0.0012214510     0.61534689
     0.35682159   0.0012204448     0.61498848
     0.35732134   0.0012194388     0.61462936
     0.35782109   0.0012184331     0.61426954
     0.35832084   0.0012174277     0.61390902
     0.35882059   0.0012164226     0.61354781
     0.35932034   0.0012154179     0.61318591
     0.35982009   0.0012144134     0.61282332
     0.36031984   0.0012134093     0.61246005
     0.36081959   0.0012124055     0.61209610
     0.36131934   0.0012114021     0.61173147
     0.36181909   0.0012103990     0.61136616
     0.36231884   0.0012093962     0.61100019
     0.36281859   0.0012083939     0.61063355
     0.36331834   0.0012073918     0.61026625
     0.36381809   0.0012063902     0.60989828
     0.36431784   0.0012053889     0.60952966
     0.36481759   0.0012043880     0.60916039
     0.36531734   0.0012033875     0.60879047
     0.36581709   0.0012023873     0.60841989
     0.36631684   0.0012013876     0.60804868
     0.36681659   0.0012003883     0.60767682
     0.36731634   0.0011993894     0.60730433
     0.36781609   0.0011983909     0.60693120
     0.36831584   0.0011973928     0.60655744
     0.36881559   0.0011963951     0.60618306
     0.36931534   0.0011953979     0.60580805
     0.36981509   0.0011944011     0.60543241
     0.37031484   0.0011934048     0.60505616
     0.37081459   0.0011924089     0.60467929
     0.37131434   0.0011914134     0.60430181
     0.37181409   0.0011904184     0.60392372
     0.37231384   0.0011894239     0.60354503
     0.37281359   0.0011884298     0.60316573
     0.37331334   0.0011874362     0.60278583
     0.37381309   0.0011864431     0.60240534
     0.37431284   0.0011854505     0.60202424
     0.37481259   0.0011844584     0.60164256
     0.37531234   0.0011834667     0.60126029
     0.37581209   0.0011824756     0.60087743
     0.37631184   0.0011814849     0.60049400
     0.37681159   0.0011804948     0.60010998
     0.37731134   0.0011795051     0.59972538
     0.37781109   0.0011785160     0.59934021
     0.37831084   0.0011775274     0.59895447
     0.37881059   0.0011765393     0.59856816
     0.37931034   0.0011755518     0.59818129
     0.37981009   0.0011745648     0.59779385
     0.38030985   0.0011735783     0.59740586
     0.38080960   0.0011725924     0.59701730
     0.38130935   0.0011716070     0.59662820
     0.38180910   0.0011706222     0.59623854
     0.38230885   0.0011696379     0.59584833
     0.38280860   0.0011686542     0.59545758
     0.38330835   0.0011676711     0.59506628
     0.38380810   0.0011666885     0.59467444
     0.38430785   0.0011657065     0.59428207
     0.38480760   0.0011647251     0.59388916
     0.38530735   0.0011637443     0.59349571
     0.38580710   0.0011627640     0.59310174
     0.38630685   0.0011617844     0.59270724
     0.38680660   0.0011608053     0.59231222
     0.38730635   0.0011598268     0.59191667
     0.38780610   0.0011588490     0.59152060
     0.38830585   0.0011578717     0.59112402
     0.38880560   0.0011568950     0.59072692
     0.38930535   0.0011559190     0.59032932
     0.38980510   0.0011549436     0.58993120
     0.39030485   0.0011539688     0.58953257
     0.39080460   0.0011529946     0.58913345
     0.39130435   0.0011520211     0.58873382
     0.39180410   0.0011510482     0.58833369
     0.39230385   0.0011500759     0.58793306
     0.39280360   0.0011491043     0.58753194
     0.39330335   0.0011481333     0.58713033
     0.39380310   0.0011471629     0.58672823
     0.39430285   0.0011461932     0.58632565
     0.39480260   0.0011452242     0.58592258
     0.39530235   0.0011442558     0.58551902
     0.39580210   0.0011432881     0.58511499
     0.39630185   0.0011423210     0.58471048
     0.39680160   0.0011413546     0.58430550
     0.39730135   0.0011403889     0.58390004
     0.39780110   0.0011394239     0.58349412
     0.39830085   0.0011384595     0.58308773
     0.39880060   0.0011374958     0.58268087
     0.39930035   0.0011365328     0.58227354
     0.39980010   0.0011355705     0.58186576
     0.40029985   0.0011346089     0.58145752
     0.40079960   0.0011336479     0.58104883
     0.40129935   0.0011326877     0.58063967
     0.40179910   0.0011317281     0.58023007
     0.40229885   0.0011307693     0.57982002
     0.40279860   0.0011298112     0.57940952
     0.40329835   0.0011288538     0.57899858
     0.40379810   0.0011278970     0.57858719
     0.40429785   0.0011269411     0.57817537
     0.40479760   0.0011259858     0.57776310
     0.40529735   0.0011250312     0.57735040
     0.40579710   0.0011240774     0.57693727
     0.40629685   0.0011231243     0.57652370
     0.40679660   0.0011221719     0.57610971
     0.40729635   0.0011212202     0.57569529
     0.40779610   0.0011202693     0.57528044
     0.40829585   0.0011193191     0.57486517
     0.40879560   0.0011183697     0.57444947
     0.40929535   0.0011174210     0.57403336
     0.40979510   0.0011164730     0.57361683
     0.41029485   0.0011155258     0.57319989
     0.41079460   0.0011145794     0.57278254
     0.41129435   0.0011136337     0.57236477
     0.41179410   0.0011126887     0.57194660
     0.41229385   0.0011117445     0.57152802
     0.41279360   0.0011108011     0.57110903
     0.41329335   0.0011098584     0.57068964
     0.41379310   0.0011089165     0.57026985
     0.41429285   0.0011079753     0.56984967
     0.41479260   0.0011070350     0.56942908
     0.41529235   0.0011060953     0.56900810
     0.41579210   0.0011051565     0.56858673
     0.41629185   0.0011042185     0.56816497
     0.41679160   0.0011032812     0.56774282
     0.41729135   0.0011023447     0.56732029
     0.41779110   0.0011014090     0.56689736
     0.41829085   0.0011004740     0.56647406
     0.41879060   0.0010995399     0.56605037
     0.41929035   0.0010986065     0.56562631
     0.41979010   0.0010976740     0.56520187
     0.42028986   0.0010967422     0.56477705
     0.42078961   0.0010958112     0.56435186
     0.42128936   0.0010948811     0.56392630
     0.42178911   0.0010939517     0.56350037
     0.42228886   0.0010930231     0.56307407
     0.42278861   0.0010920953     0.56264740
     0.42328836   0.0010911684     0.56222037
     0.42378811   0.0010902422     0.56179298
     0.42428786   0.0010893168     0.56136523
     0.42478761   0.0010883923     0.56093712
     0.42528736   0.0010874686     0.56050865
     0.42578711   0.0010865457     0.56007982
     0.42628686   0.0010856236     0.55965065
     0.42678661   0.0010847023     0.55922112
     0.42728636   0.0010837818     0.55879124
     0.42778611   0.0010828622     0.55836101
     0.42828586   0.0010819434     0.55793044
     0.42878561   0.0010810254     0.55749952
     0.42928536   0.0010801082     0.55706826
     0.42978511   0.0010791919     0.55663666
     0.43028486   0.0010782764     0.55620471
     0.43078461   0.0010773617     0.55577243
     0.43128436   0.0010764479     0.55533982
     0.43178411   0.0010755348     0.55490687
     0.43228386   0.0010746227     0.55447358
     0.43278361   0.0010737113     0.55403997
     0.43328336   0.0010728009     0.55360602
     0.43378311   0.0010718912     0.55317175
     0.43428286   0.0010709824     0.55273715
     0.43478261   0.0010700744     0.55230223
     0.43528236   0.0010691673     0.55186698
     0.43578211   0.0010682610     0.55143141
     0.43628186   0.0010673556     0.55099553
     0.43678161   0.0010664510     0.55055932
     0.43728136   0.0010655473     0.55012280
     0.43778111   0.0010646444     0.54968596
     0.43828086   0.0010637424     0.54924881
     0.43878061   0.0010628413     0.54881135
     0.43928036   0.0010619410     0.54837357
     0.43978011   0.0010610415     0.54793549
     0.44027986   0.0010601429     0.54749710
     0.44077961   0.0010592452     0.54705840
     0.44127936   0.0010583483     0.54661940
     0.44177911   0.0010574523     0.54618010
     0.44227886   0.0010565572     0.54574050
     0.44277861   0.0010556629     0.54530060
     0.44327836   0.0010547695     0.54486039
     0.44377811   0.0010538769     0.54441990
     0.44427786   0.0010529853     0.54397910
     0.44477761   0.0010520944     0.54353801
     0.44527736   0.0010512045     0.54309663
     0.44577711   0.0010503154     0.54265496
     0.44627686   0.0010494272     0.54221300
     0.44677661   0.0010485399     0.54177076
     0.44727636   0.0010476535     0.54132822
     0.44777611   0.0010467679     0.54088540
     0.44827586   0.0010458832     0.54044230
     0.44877561   0.0010449994     0.53999891
     0.44927536   0.0010441165     0.53955525
     0.44977511   0.0010432344     0.53911130
     0.45027486   0.0010423532     0.53866708
     0.45077461   0.0010414729     0.53822258
     0.45127436   0.0010405935     0.53777780
     0.45177411   0.0010397150     0.53733275
     0.45227386   0.0010388373     0.53688743
     0.45277361   0.0010379606     0.53644183
     0.45327336   0.0010370847     0.53599597
     0.45377311   0.0010362097     0.53554984
     0.45427286   0.0010353356     0.53510344
     0.45477261   0.0010344624     0.53465677
     0.45527236   0.0010335901     0.53420984
     0.45577211   0.0010327186     0.53376265
     0.45627186   0.0010318481     0.53331520
     0.45677161   0.0010309784     0.53286748
     0.45727136   0.0010301097     0.53241951
     0.45777111   0.0010292418     0.53197127
     0.45827086   0.0010283748     0.53152278
     0.45877061   0.0010275087     0.53107404
     0.45927036   0.0010266436     0.53062504
     0.45977011   0.0010257793     0.53017579
     0.46026987   0.0010249159     0.52972629
     0.46076962   0.0010240534     0.52927653
     0.46126937   0.0010231918     0.52882653
     0.46176912   0.0010223310     0.52837628
     0.46226887   0.0010214712     0.52792578
     0.46276862   0.0010206123     0.52747504
     0.46326837   0.0010197543     0.52702405
     0.46376812   0.0010188972     0.52657282
     0.46426787   0.0010180410     0.52612135
     0.46476762   0.0010171857     0.52566964
     0.46526737   0.0010163313     0.52521769
     0.46576712   0.0010154778     0.52476550
     0.46626687   0.0010146252     0.52431307
     0.46676662   0.0010137735     0.52386041
     0.46726637   0.0010129227     0.52340751
     0.46776612   0.0010120728     0.52295438
     0.46826587   0.0010112238     0.52250102
     0.46876562   0.0010103757     0.52204742
     0.46926537   0.0010095285     0.52159360
     0.46976512   0.0010086822     0.52113954
     0.47026487   0.0010078368     0.52068526
     0.47076462   0.0010069924     0.52023076
     0.47126437   0.0010061488     0.51977602
     0.47176412   0.0010053062     0.51932107
     0.47226387   0.0010044644     0.51886589
     0.47276362   0.0010036236     0.51841049
     0.47326337   0.0010027836     0.51795486
     0.47376312   0.0010019446     0.51749902
     0.47426287   0.0010011065     0.51704296
     0.47476262   0.0010002693     0.51658668
     0.47526237  0.00099943301     0.51613018
     0.47576212  0.00099859762     0.51567347
     0.47626187  0.00099776314     0.51521655
     0.47676162  0.00099692957     0.51475941
     0.47726137  0.00099609691     0.51430205
     0.47776112  0.00099526516     0.51384449
     0.47826087  0.00099443432     0.51338672
     0.47876062  0.00099360439     0.51292874
     0.47926037  0.00099277537     0.51247055
     0.47976012  0.00099194726     0.51201215
     0.48025987  0.00099112006     0.51155355
     0.48075962  0.00099029377     0.51109474
     0.48125937  0.00098946839     0.51063572
     0.48175912  0.00098864393     0.51017651
     0.48225887  0.00098782037     0.50971709
     0.48275862  0.00098699773     0.50925747
     0.48325837  0.00098617600     0.50879766
     0.48375812  0.00098535518     0.50833764
     0.48425787  0.00098453527     0.50787742
     0.48475762  0.00098371628     0.50741701
     0.48525737  0.00098289819     0.50695640
     0.48575712  0.00098208102     0.50649560
     0.48625687  0.00098126476     0.50603460
     0.48675662  0.00098044941     0.50557341
     0.48725637  0.00097963497     0.50511203
     0.48775612  0.00097882144     0.50465046
     0.48825587  0.00097800883     0.50418869
     0.48875562  0.00097719713     0.50372674
     0.48925537  0.00097638634     0.50326460
     0.48975512  0.00097557646     0.50280227
     0.49025487  0.00097476750     0.50233976
     0.49075462  0.00097395944     0.50187706
     0.49125437  0.00097315230     0.50141417
     0.49175412  0.00097234607     0.50095110
     0.49225387  0.00097154075     0.50048785
     0.49275362  0.00097073634     0.50002442
     0.49325337  0.00096993284     0.49956080
     0.49375312  0.00096913026     0.49909701
     0.49425287  0.00096832858     0.49863304
     0.49475262  0.00096752782     0.49816888
     0.49525237  0.00096672797     0.49770456
     0.49575212  0.00096592903     0.49724005
     0.49625187  0.00096513099     0.49677537
     0.49675162  0.00096433387     0.49631051
     0.49725137  0.00096353766     0.49584548
     0.49775112  0.00096274236     0.49538028
     0.49825087  0.00096194798     0.49491491
     0.49875062  0.00096115450     0.49444936
     0.49925037  0.00096036193     0.49398364
     0.49975012  0.00095957026     0.49351776
     0.50024988  0.00095877951     0.49305170
     0.50074963  0.00095798967     0.49258548
     0.50124938  0.00095720074     0.49211909
     0.50174913  0.00095641271     0.49165254
     0.50224888  0.00095562560     0.49118582
     0.50274863  0.00095483939     0.49071893
     0.50324838  0.00095405409     0.49025188
     0.50374813  0.00095326970     0.48978467
     0.50424788  0.00095248621     0.48931730
     0.50474763  0.00095170363     0.48884976
     0.50524738  0.00095092196     0.48838206
     0.50574713  0.00095014120     0.48791421
     0.50624688  0.00094936134     0.48744619
     0.50674663  0.00094858239     0.48697802
     0.50724638  0.00094780434     0.48650969
     0.50774613  0.00094702720     0.48604120
     0.50824588  0.00094625096     0.48557256
     0.50874563  0.00094547563     0.48510377
     0.50924538  0.00094470121     0.48463481
     0.50974513  0.00094392768     0.48416571
     0.51024488  0.00094315506     0.48369645
     0.51074463  0.00094238335     0.48322704
     0.51124438  0.00094161254     0.48275748
     0.51174413  0.00094084263     0.48228777
     0.51224388  0.00094007362     0.48181791
     0.51274363  0.00093930551     0.48134790
     0.51324338  0.00093853831     0.48087774
     0.51374313  0.00093777201     0.48040744
     0.51424288  0.00093700660     0.47993699
     0.51474263  0.00093624210     0.47946639
     0.51524238  0.00093547850     0.47899565
     0.51574213  0.00093471580     0.47852476
     0.51624188  0.00093395400     0.47805373
     0.51674163  0.00093319309     0.47758256
     0.51724138  0.00093243309     0.47711124
     0.51774113  0.00093167398     0.47663978
     0.51824088  0.00093091577     0.47616818
     0.51874063  0.00093015845     0.47569644
     0.51924038  0.00092940204     0.47522456
     0.51974013  0.00092864652     0.47475255
     0.52023988  0.00092789189     0.47428039
     0.52073963  0.00092713816     0.47380810
     0.52123938  0.00092638532     0.47333567
     0.52173913  0.00092563338     0.47286310
     0.52223888  0.00092488234     0.47239040
     0.52273863  0.00092413218     0.47191757
     0.52323838  0.00092338292     0.47144460
     0.52373813  0.00092263455     0.47097149
     0.52423788  0.00092188707     0.47049826
     0.52473763  0.00092114049     0.47002489
     0.52523738  0.00092039479     0.46955139
     0.52573713  0.00091964998     0.46907776
     0.52623688  0.00091890607     0.46860400
     0.52673663  0.00091816304     0.46813011
     0.52723638  0.00091742090     0.46765609
     0.52773613  0.00091667965     0.46718194
     0.52823588  0.00091593929     0.46670767
     0.52873563  0.00091519981     0.46623327
     0.52923538  0.00091446123     0.46575874
     0.52973513  0.00091372352     0.46528408
     0.53023488  0.00091298670     0.46480931
     0.53073463  0.00091225077     0.46433440
     0.53123438  0.00091151572     0.46385938
     0.53173413  0.00091078155     0.46338423
     0.53223388  0.00091004827     0.46290896
     0.53273363  0.00090931587     0.46243356
     0.53323338  0.00090858435     0.46195805
     0.53373313  0.00090785372     0.46148241
     0.53423288  0.00090712396     0.46100666
     0.53473263  0.00090639508     0.46053078
     0.53523238  0.00090566708     0.46005479
     0.53573213  0.00090493997     0.45957867
     0.53623188  0.00090421373     0.45910244
     0.53673163  0.00090348836     0.45862610
     0.53723138  0.00090276388     0.45814963
     0.53773113  0.00090204027     0.45767305
     0.53823088  0.00090131753     0.45719636
     0.53873063  0.00090059567     0.45671955
     0.53923038  0.00089987469     0.45624262
     0.53973013  0.00089915458     0.45576558
     0.54022989  0.00089843534     0.45528843
     0.54072964  0.00089771698     0.45481117
     0.54122939  0.00089699948     0.45433379
     0.54172914  0.00089628286     0.45385630
     0.54222889  0.00089556711     0.45337871
     0.54272864  0.00089485223     0.45290100
     0.54322839  0.00089413821     0.45242318
     0.54372814  0.00089342507     0.45194525
     0.54422789  0.00089271279     0.45146722
     0.54472764  0.00089200138     0.45098907
     0.54522739  0.00089129084     0.45051082
     0.54572714  0.00089058116     0.45003246
     0.54622689  0.00088987235     0.44955400
     0.54672664  0.00088916440     0.44907542
     0.54722639  0.00088845732     0.44859675
     0.54772614  0.00088775110     0.44811797
     0.54822589  0.00088704574     0.44763908
     0.54872564  0.00088634124     0.44716009
     0.54922539  0.00088563760     0.44668100
     0.54972514  0.00088493482     0.44620180
     0.55022489  0.00088423291     0.44572250
     0.55072464  0.00088353185     0.44524310
     0.55122439  0.00088283165     0.44476360
     0.55172414  0.00088213230     0.44428400
     0.55222389  0.00088143382     0.44380429
     0.55272364  0.00088073618     0.44332449
     0.55322339  0.00088003941     0.44284459
     0.55372314  0.00087934348     0.44236459
     0.55422289  0.00087864842     0.44188449
     0.55472264  0.00087795420     0.44140429
     0.55522239  0.00087726084     0.44092400
     0.55572214  0.00087656832     0.44044361
     0.55622189  0.00087587666     0.43996312
     0.55672164  0.00087518585     0.43948253
     0.55722139  0.00087449588     0.43900185
     0.55772114  0.00087380677     0.43852108
     0.55822089  0.00087311850     0.43804021
     0.55872064  0.00087243108     0.43755925
     0.55922039  0.00087174450     0.43707819
     0.55972014  0.00087105877     0.43659704
     0.56021989  0.00087037389     0.43611580
     0.56071964  0.00086968984     0.43563447
     0.56121939  0.00086900665     0.43515304
     0.56171914  0.00086832429     0.43467153
     0.56221889  0.00086764277     0.43418992
     0.56271864  0.00086696210     0.43370822
     0.56321839  0.00086628226     0.43322643
     0.56371814  0.00086560326     0.43274456
     0.56421789  0.00086492510     0.43226259
     0.56471764  0.00086424778     0.43178053
     0.56521739  0.00086357130     0.43129839
     0.56571714  0.00086289565     0.43081616
     0.56621689  0.00086222083     0.43033384
     0.56671664  0.00086154685     0.42985144
     0.56721639  0.00086087370     0.42936895
     0.56771614  0.00086020139     0.42888637
     0.56821589  0.00085952990     0.42840371
     0.56871564  0.00085885925     0.42792096
     0.56921539  0.00085818943     0.42743813
     0.56971514  0.00085752043     0.42695521
     0.57021489  0.00085685227     0.42647221
     0.57071464  0.00085618493     0.42598913
     0.57121439  0.00085551842     0.42550596
     0.57171414  0.00085485273     0.42502271
     0.57221389  0.00085418787     0.42453938
     0.57271364  0.00085352384     0.42405597
     0.57321339  0.00085286062     0.42357247
     0.57371314  0.00085219823     0.42308890
     0.57421289  0.00085153666     0.42260524
     0.57471264  0.00085087592     0.42212151
     0.57521239  0.00085021599     0.42163769
     0.57571214  0.00084955688     0.42115380
     0.57621189  0.00084889859     0.42066982
     0.57671164  0.00084824112     0.42018577
     0.57721139  0.00084758446     0.41970164
     0.57771114  0.00084692862     0.41921743
     0.57821089  0.00084627359     0.41873315
     0.57871064  0.00084561938     0.41824879
     0.57921039  0.00084496598     0.41776435
     0.57971014  0.00084431340     0.41727983
     0.58020990  0.00084366162     0.41679524
     0.58070965  0.00084301066     0.41631057
     0.58120940  0.00084236050     0.41582583
     0.58170915  0.00084171116     0.41534102
     0.58220890  0.00084106262     0.41485612
     0.58270865  0.00084041489     0.41437116
     0.58320840  0.00083976797     0.41388612
     0.58370815  0.00083912185     0.41340101
     0.58420790  0.00083847653     0.41291583
     0.58470765  0.00083783202     0.41243057
     0.58520740  0.00083718831     0.41194524
     0.58570715  0.00083654541     0.41145984
     0.58620690  0.00083590330     0.41097437
     0.58670665  0.00083526200     0.41048882
     0.58720640  0.00083462149     0.41000321
     0.58770615  0.00083398179     0.40951752
     0.58820590  0.00083334288     0.40903177
     0.58870565  0.00083270477     0.40854595
     0.58920540  0.00083206745     0.40806005
     0.58970515  0.00083143093     0.40757409
     0.59020490  0.00083079520     0.40708806
     0.59070465  0.00083016026     0.40660196
     0.59120440  0.00082952612     0.40611579
     0.59170415  0.00082889277     0.40562956
     0.59220390  0.00082826021     0.40514326
     0.59270365  0.00082762843     0.40465689
     0.59320340  0.00082699745     0.40417045
     0.59370315  0.00082636726     0.40368395
     0.59420290  0.00082573785     0.40319738
     0.59470265  0.00082510923     0.40271075
     0.59520240  0.00082448139     0.40222405
     0.59570215  0.00082385433     0.40173729
     0.59620190  0.00082322806     0.40125046
     0.59670165  0.00082260258     0.40076357
     0.59720140  0.00082197787     0.40027661
     0.59770115  0.00082135394     0.39978959
     0.59820090  0.00082073080     0.39930251
     0.59870065  0.00082010843     0.39881536
     0.59920040  0.00081948684     0.39832815
     0.59970015  0.00081886603     0.39784088
     0.60019990  0.00081824599     0.39735355
     0.60069965  0.00081762673     0.39686615
     0.60119940  0.00081700824     0.39637869
     0.60169915  0.00081639053     0.39589118
     0.60219890  0.00081577358     0.39540360
     0.60269865  0.00081515741     0.39491596
     0.60319840  0.00081454201     0.39442826
     0.60369815  0.00081392738     0.39394050
     0.60419790  0.00081331352     0.39345268
     0.60469765  0.00081270043     0.39296480
     0.60519740  0.00081208810     0.39247686
     0.60569715  0.00081147654     0.39198887
     0.60619690  0.00081086574     0.39150081
     0.60669665  0.00081025571     0.39101270
     0.60719640  0.00080964644     0.39052453
     0.60769615  0.00080903794     0.39003630
     0.60819590  0.00080843019     0.38954801
     0.60869565  0.00080782321     0.38905967
     0.60919540  0.00080721698     0.38857127
     0.60969515  0.00080661151     0.38808281
     0.61019490  0.00080600681     0.38759430
     0.61069465  0.00080540285     0.38710573
     0.61119440  0.00080479966     0.38661711
     0.61169415  0.00080419722     0.38612843
     0.61219390  0.00080359553     0.38563969
     0.61269365  0.00080299459     0.38515090
     0.61319340  0.00080239441     0.38466206
     0.61369315  0.00080179498     0.38417316
     0.61419290  0.00080119630     0.38368421
     0.61469265  0.00080059837     0.38319520
     0.61519240  0.00080000119     0.38270615
     0.61569215  0.00079940475     0.38221703
     0.61619190  0.00079880906     0.38172787
     0.61669165  0.00079821412     0.38123865
     0.61719140  0.00079761992     0.38074938
     0.61769115  0.00079702646     0.38026006
     0.61819090  0.00079643375     0.37977068
     0.61869065  0.00079584178     0.37928126
     0.61919040  0.00079525055     0.37879178
     0.61969015  0.00079466007     0.37830225
     0.62018991  0.00079407032     0.37781267
     0.62068966  0.00079348130     0.37732304
     0.62118941  0.00079289303     0.37683336
     0.62168916  0.00079230549     0.37634363
     0.62218891  0.00079171869     0.37585385
     0.62268866  0.00079113262     0.37536402
     0.62318841  0.00079054729     0.37487414
     0.62368816  0.00078996269     0.37438421
     0.62418791  0.00078937882     0.37389424
     0.62468766  0.00078879568     0.37340421
     0.62518741  0.00078821327     0.37291414
     0.62568716  0.00078763159     0.37242402
     0.62618691  0.00078705064     0.37193385
     0.62668666  0.00078647041     0.37144363
     0.62718641  0.00078589091     0.37095336
     0.62768616  0.00078531214     0.37046305
     0.62818591  0.00078473409     0.36997269
     0.62868566  0.00078415676     0.36948229
     0.62918541  0.00078358016     0.36899183
     0.62968516  0.00078300427     0.36850133
     0.63018491  0.00078242911     0.36801079
     0.63068466  0.00078185467     0.36752020
     0.63118441  0.00078128095     0.36702956
     0.63168416  0.00078070794     0.36653888
     0.63218391  0.00078013565     0.36604816
     0.63268366  0.00077956408     0.36555739
     0.63318341  0.00077899322     0.36506657
     0.63368316  0.00077842307     0.36457571
     0.63418291  0.00077785364     0.36408481
     0.63468266  0.00077728492     0.36359386
     0.63518241  0.00077671691     0.36310286
     0.63568216  0.00077614962     0.36261183
     0.63618191  0.00077558303     0.36212075
     0.63668166  0.00077501715     0.36162963
     0.63718141  0.00077445197     0.36113846
     0.63768116  0.00077388751     0.36064725
     0.63818091  0.00077332375     0.36015600
     0.63868066  0.00077276069     0.35966471
     0.63918041  0.00077219834     0.35917338
     0.63968016  0.00077163669     0.35868200
     0.64017991  0.00077107574     0.35819058
     0.64067966  0.00077051549     0.35769912
     0.64117941  0.00076995595     0.35720762
     0.64167916  0.00076939710     0.35671608
     0.64217891  0.00076883895     0.35622450
     0.64267866  0.00076828150     0.35573288
     0.64317841  0.00076772474     0.35524121
     0.64367816  0.00076716868     0.35474951
     0.64417791  0.00076661331     0.35425777
     0.64467766  0.00076605864     0.35376598
     0.64517741  0.00076550466     0.35327416
     0.64567716  0.00076495137     0.35278230
     0.64617691  0.00076439877     0.35229039
     0.64667666  0.00076384687     0.35179845
     0.64717641  0.00076329565     0.35130647
     0.64767616  0.00076274512     0.35081446
     0.64817591  0.00076219527     0.35032240
     0.64867566  0.00076164611     0.34983031
     0.64917541  0.00076109764     0.34933817
     0.64967516  0.00076054985     0.34884600
     0.65017491  0.00076000274     0.34835379
     0.65067466  0.00075945632     0.34786155
     0.65117441  0.00075891058     0.34736926
     0.65167416  0.00075836552     0.34687694
     0.65217391  0.00075782114     0.34638459
     0.65267366  0.00075727743     0.34589219
     0.65317341  0.00075673441     0.34539976
     0.65367316  0.00075619206     0.34490730
     0.65417291  0.00075565038     0.34441479
     0.65467266  0.00075510939     0.34392225
     0.65517241  0.00075456906     0.34342968
     0.65567216  0.00075402941     0.34293707
     0.65617191  0.00075349043     0.34244442
     0.65667166  0.00075295212     0.34195174
     0.65717141  0.00075241449     0.34145902
     0.65767116  0.00075187752     0.34096627
     0.65817091  0.00075134122     0.34047349
     0.65867066  0.00075080559     0.33998067
     0.65917041  0.00075027062     0.33948781
     0.65967016  0.00074973632     0.33899492
     0.66016992  0.00074920269     0.33850200
     0.66066967  0.00074866972     0.33800904
     0.66116942  0.00074813741     0.33751605
     0.66166917  0.00074760577     0.33702302
     0.66216892  0.00074707478     0.33652997
     0.66266867  0.00074654446     0.33603687
     0.66316842  0.00074601479     0.33554375
     0.66366817  0.00074548579     0.33505059
     0.66416792  0.00074495744     0.33455740
     0.66466767  0.00074442974     0.33406418
     0.66516742  0.00074390271     0.33357092
     0.66566717  0.00074337632     0.33307764
     0.66616692  0.00074285060     0.33258432
     0.66666667  0.00074232552     0.33209097
     0.66716642  0.00074180110     0.33159758
     0.66766617  0.00074127732     0.33110417
     0.66816592  0.00074075420     0.33061072
     0.66866567  0.00074023173     0.33011724
     0.66916542  0.00073970991     0.32962373
     0.66966517  0.00073918873     0.32913020
     0.67016492  0.00073866820     0.32863662
     0.67066467  0.00073814831     0.32814302
     0.67116442  0.00073762907     0.32764939
     0.67166417  0.00073711048     0.32715573
     0.67216392  0.00073659252     0.32666204
     0.67266367  0.00073607521     0.32616831
     0.67316342  0.00073555854     0.32567456
     0.67366317  0.00073504251     0.32518078
     0.67416292  0.00073452712     0.32468697
     0.67466267  0.00073401237     0.32419312
     0.67516242  0.00073349825     0.32369925
     0.67566217  0.00073298477     0.32320535
     0.67616192  0.00073247193     0.32271142
     0.67666167  0.00073195972     0.32221747
     0.67716142  0.00073144815     0.32172348
     0.67766117  0.00073093721     0.32122946
     0.67816092  0.00073042690     0.32073542
     0.67866067  0.00072991722     0.32024135
     0.67916042  0.00072940817     0.31974725
     0.67966017  0.00072889975     0.31925312
     0.68015992  0.00072839196     0.31875896
     0.68065967  0.00072788480     0.31826478
     0.68115942  0.00072737827     0.31777057
     0.68165917  0.00072687236     0.31727633
     0.68215892  0.00072636707     0.31678206
     0.68265867  0.00072586241     0.31628777
     0.68315842  0.00072535837     0.31579345
     0.68365817  0.00072485496     0.31529910
     0.68415792  0.00072435216     0.31480472
     0.68465767  0.00072384999     0.31431032
     0.68515742  0.00072334844     0.31381590
     0.68565717  0.00072284750     0.31332144
     0.68615692  0.00072234718     0.31282696
     0.68665667  0.00072184748     0.31233245
     0.68715642  0.00072134840     0.31183792
     0.68765617  0.00072084993     0.31134336
     0.68815592  0.00072035207     0.31084878
     0.68865567  0.00071985483     0.31035417
     0.68915542  0.00071935820     0.30985953
     0.68965517  0.00071886218     0.30936487
     0.69015492  0.00071836678     0.30887019
     0.69065467  0.00071787198     0.30837547
     0.69115442  0.00071737779     0.30788074
     0.69165417  0.00071688421     0.30738598
     0.69215392  0.00071639124     0.30689119
     0.69265367  0.00071589887     0.30639638
     0.69315342  0.00071540711     0.30590154
     0.69365317  0.00071491596     0.30540668
     0.69415292  0.00071442540     0.30491180
     0.69465267  0.00071393545     0.30441689
     0.69515242  0.00071344611     0.30392196
     0.69565217  0.00071295736     0.30342701
     0.69615192  0.00071246921     0.30293203
     0.69665167  0.00071198166     0.30243702
     0.69715142  0.00071149472     0.30194200
     0.69765117  0.00071100836     0.30144694
     0.69815092  0.00071052261     0.30095187
     0.69865067  0.00071003745     0.30045677
     0.69915042  0.00070955289     0.29996165
     0.69965017  0.00070906892     0.29946651
     0.70014993  0.00070858554     0.29897135
     0.70064968  0.00070810276     0.29847616
     0.70114943  0.00070762057     0.29798095
     0.70164918  0.00070713897     0.29748571
     0.70214893  0.00070665795     0.29699046
     0.70264868  0.00070617753     0.29649518
     0.70314843  0.00070569770     0.29599988
     0.70364818  0.00070521845     0.29550456
     0.70414793  0.00070473979     0.29500921
     0.70464768  0.00070426171     0.29451384
     0.70514743  0.00070378422     0.29401846
     0.70564718  0.00070330731     0.29352305
     0.70614693  0.00070283099     0.29302762
     0.70664668  0.00070235525     0.29253216
     0.70714643  0.00070188009     0.29203669
     0.70764618  0.00070140551     0.29154119
     0.70814593  0.00070093151     0.29104568
     0.70864568  0.00070045809     0.29055014
     0.70914543  0.00069998524     0.29005458
     0.70964518  0.00069951297     0.28955900
     0.71014493  0.00069904128     0.28906340
     0.71064468  0.00069857017     0.28856778
     0.71114443  0.00069809963     0.28807214
     0.71164418  0.00069762966     0.28757648
     0.71214393  0.00069716026     0.28708080
     0.71264368  0.00069669144     0.28658510
     0.71314343  0.00069622319     0.28608938
     0.71364318  0.00069575551     0.28559364
     0.71414293  0.00069528840     0.28509787
     0.71464268  0.00069482185     0.28460209
     0.71514243  0.00069435588     0.28410629
     0.71564218  0.00069389047     0.28361047
     0.71614193  0.00069342563     0.28311463
     0.71664168  0.00069296135     0.28261877
     0.71714143  0.00069249763     0.28212289
     0.71764118  0.00069203448     0.28162700
     0.71814093  0.00069157190     0.28113108
     0.71864068  0.00069110987     0.28063514
     0.71914043  0.00069064841     0.28013919
     0.71964018  0.00069018750     0.27964321
     0.72013993  0.00068972716     0.27914722
     0.72063968  0.00068926737     0.27865121
     0.72113943  0.00068880815     0.27815518
     0.72163918  0.00068834948     0.27765913
     0.72213893  0.00068789136     0.27716307
     0.72263868  0.00068743380     0.27666698
     0.72313843  0.00068697680     0.27617088
     0.72363818  0.00068652034     0.27567476
     0.72413793  0.00068606445     0.27517862
     0.72463768  0.00068560910     0.27468247
     0.72513743  0.00068515430     0.27418629
     0.72563718  0.00068470006     0.27369010
     0.72613693  0.00068424636     0.27319389
     0.72663668  0.00068379321     0.27269766
     0.72713643  0.00068334061     0.27220142
     0.72763618  0.00068288856     0.27170516
     0.72813593  0.00068243706     0.27120888
     0.72863568  0.00068198610     0.27071258
     0.72913543  0.00068153568     0.27021627
     0.72963518  0.00068108581     0.26971994
     0.73013493  0.00068063648     0.26922359
     0.73063468  0.00068018769     0.26872722
     0.73113443  0.00067973945     0.26823084
     0.73163418  0.00067929174     0.26773444
     0.73213393  0.00067884458     0.26723803
     0.73263368  0.00067839795     0.26674160
     0.73313343  0.00067795186     0.26624515
     0.73363318  0.00067750631     0.26574869
     0.73413293  0.00067706130     0.26525221
     0.73463268  0.00067661682     0.26475571
     0.73513243  0.00067617288     0.26425920
     0.73563218  0.00067572947     0.26376267
     0.73613193  0.00067528659     0.26326613
     0.73663168  0.00067484425     0.26276957
     0.73713143  0.00067440244     0.26227299
     0.73763118  0.00067396116     0.26177640
     0.73813093  0.00067352041     0.26127979
     0.73863068  0.00067308019     0.26078317
     0.73913043  0.00067264050     0.26028653
     0.73963018  0.00067220133     0.25978988
     0.74012994  0.00067176269     0.25929321
     0.74062969  0.00067132458     0.25879652
     0.74112944  0.00067088700     0.25829982
     0.74162919  0.00067044994     0.25780311
     0.74212894  0.00067001340     0.25730638
     0.74262869  0.00066957739     0.25680964
     0.74312844  0.00066914190     0.25631288
     0.74362819  0.00066870693     0.25581610
     0.74412794  0.00066827248     0.25531931
     0.74462769  0.00066783855     0.25482251
     0.74512744  0.00066740514     0.25432569
     0.74562719  0.00066697224     0.25382886
     0.74612694  0.00066653987     0.25333201
     0.74662669  0.00066610801     0.25283515
     0.74712644  0.00066567667     0.25233827
     0.74762619  0.00066524585     0.25184138
     0.74812594  0.00066481553     0.25134448
     0.74862569  0.00066438574     0.25084756
     0.74912544  0.00066395645     0.25035063
     0.74962519  0.00066352768     0.24985368
     0.75012494  0.00066309942     0.24935672
     0.75062469  0.00066267167     0.24885975
     0.75112444  0.00066224443     0.24836276
     0.75162419  0.00066181770     0.24786576
     0.75212394  0.00066139147     0.24736875
     0.75262369  0.00066096576     0.24687172
     0.75312344  0.00066054055     0.24637468
     0.75362319  0.00066011585     0.24587762
     0.75412294  0.00065969165     0.24538055
     0.75462269  0.00065926796     0.24488347
     0.75512244  0.00065884477     0.24438638
     0.75562219  0.00065842208     0.24388927
     0.75612194  0.00065799990     0.24339215
     0.75662169  0.00065757822     0.24289501
     0.75712144  0.00065715704     0.24239787
     0.75762119  0.00065673636     0.24190071
     0.75812094  0.00065631617     0.24140353
     0.75862069  0.00065589649     0.24090635
     0.75912044  0.00065547730     0.24040915
     0.75962019  0.00065505862     0.23991194
     0.76011994  0.00065464042     0.23941472
     0.76061969  0.00065422273     0.23891748
     0.76111944  0.00065380552     0.23842023
     0.76161919  0.00065338882     0.23792297
     0.76211894  0.00065297260     0.23742570
     0.76261869  0.00065255688     0.23692842
     0.76311844  0.00065214165     0.23643112
     0.76361819  0.00065172691     0.23593381
     0.76411794  0.00065131266     0.23543649
     0.76461769  0.00065089890     0.23493915
     0.76511744  0.00065048563     0.23444181
     0.76561719  0.00065007284     0.23394445
     0.76611694  0.00064966055     0.23344708
     0.76661669  0.00064924874     0.23294970
     0.76711644  0.00064883742     0.23245231
     0.76761619  0.00064842658     0.23195491
     0.76811594  0.00064801623     0.23145749
     0.76861569  0.00064760636     0.23096006
     0.76911544  0.00064719697     0.23046263
     0.76961519  0.00064678806     0.22996518
     0.77011494  0.00064637964     0.22946771
     0.77061469  0.00064597170     0.22897024
     0.77111444  0.00064556424     0.22847276
     0.77161419  0.00064515725     0.22797526
     0.77211394  0.00064475075     0.22747776
     0.77261369  0.00064434472     0.22698024
     0.77311344  0.00064393917     0.22648271
     0.77361319  0.00064353410     0.22598517
     0.77411294  0.00064312950     0.22548762
     0.77461269  0.00064272538     0.22499006
     0.77511244  0.00064232173     0.22449249
     0.77561219  0.00064191855     0.22399491
     0.77611194  0.00064151585     0.22349731
     0.77661169  0.00064111362     0.22299971
     0.77711144  0.00064071186     0.22250209
     0.77761119  0.00064031057     0.22200447
     0.77811094  0.00063990976     0.22150683
     0.77861069  0.00063950941     0.22100919
     0.77911044  0.00063910953     0.22051153
     0.77961019  0.00063871011     0.22001386
     0.78010995  0.00063831117     0.21951619
     0.78060970  0.00063791269     0.21901850
     0.78110945  0.00063751468     0.21852080
     0.78160920  0.00063711713     0.21802310
     0.78210895  0.00063672004     0.21752538
     0.78260870  0.00063632342     0.21702765
     0.78310845  0.00063592727     0.21652991
     0.78360820  0.00063553157     0.21603217
     0.78410795  0.00063513634     0.21553441
     0.78460770  0.00063474156     0.21503664
     0.78510745  0.00063434725     0.21453886
     0.78560720  0.00063395340     0.21404108
     0.78610695  0.00063356000     0.21354328
     0.78660670  0.00063316707     0.21304548
     0.78710645  0.00063277459     0.21254766
     0.78760620  0.00063238256     0.21204983
     0.78810595  0.00063199100     0.21155200
     0.78860570  0.00063159988     0.21105416
     0.78910545  0.00063120923     0.21055630
     0.78960520  0.00063081902     0.21005844
     0.79010495  0.00063042927     0.20956057
     0.79060470  0.00063003997     0.20906269
     0.79110445  0.00062965113     0.20856480
     0.79160420  0.00062926273     0.20806690
     0.79210395  0.00062887479     0.20756899
     0.79260370  0.00062848729     0.20707107
     0.79310345  0.00062810025     0.20657314
     0.79360320  0.00062771365     0.20607521
     0.79410295  0.00062732750     0.20557726
     0.79460270  0.00062694180     0.20507931
     0.79510245  0.00062655654     0.20458135
     0.79560220  0.00062617173     0.20408338
     0.79610195  0.00062578736     0.20358540
     0.79660170  0.00062540344     0.20308741
     0.79710145  0.00062501997     0.20258941
     0.79760120  0.00062463693     0.20209140
     0.79810095  0.00062425434     0.20159339
     0.79860070  0.00062387219     0.20109537
     0.79910045  0.00062349048     0.20059734
     0.79960020  0.00062310921     0.20009930
     0.80009995  0.00062272838     0.19960125
     0.80059970  0.00062234799     0.19910319
     0.80109945  0.00062196803     0.19860512
     0.80159920  0.00062158852     0.19810705
     0.80209895  0.00062120944     0.19760897
     0.80259870  0.00062083080     0.19711088
     0.80309845  0.00062045259     0.19661278
     0.80359820  0.00062007482     0.19611468
     0.80409795  0.00061969748     0.19561656
     0.80459770  0.00061932058     0.19511844
     0.80509745  0.00061894411     0.19462031
     0.80559720  0.00061856807     0.19412217
     0.80609695  0.00061819246     0.19362402
     0.80659670  0.00061781729     0.19312587
     0.80709645  0.00061744254     0.19262771
     0.80759620  0.00061706823     0.19212954
     0.80809595  0.00061669434     0.19163136
     0.80859570  0.00061632088     0.19113318
     0.80909545  0.00061594785     0.19063498
     0.80959520  0.00061557525     0.19013678
     0.81009495  0.00061520307     0.18963857
     0.81059470  0.00061483132     0.18914036
     0.81109445  0.00061446000     0.18864214
     0.81159420  0.00061408909     0.18814390
     0.81209395  0.00061371862     0.18764567
     0.81259370  0.00061334856     0.18714742
     0.81309345  0.00061297893     0.18664917
     0.81359320  0.00061260972     0.18615091
     0.81409295  0.00061224094     0.18565264
     0.81459270  0.00061187257     0.18515437
     0.81509245  0.00061150462     0.18465608
     0.81559220  0.00061113709     0.18415779
     0.81609195  0.00061076998     0.18365950
     0.81659170  0.00061040329     0.18316119
     0.81709145  0.00061003702     0.18266288
     0.81759120  0.00060967116     0.18216456
     0.81809095  0.00060930572     0.18166624
     0.81859070  0.00060894070     0.18116791
     0.81909045  0.00060857609     0.18066957
     0.81959020  0.00060821189     0.18017122
     0.82008996  0.00060784811     0.17967287
     0.82058971  0.00060748474     0.17917451
     0.82108946  0.00060712179     0.17867614
     0.82158921  0.00060675924     0.17817777
     0.82208896  0.00060639711     0.17767939
     0.82258871  0.00060603539     0.17718100
     0.82308846  0.00060567407     0.17668261
     0.82358821  0.00060531317     0.17618421
     0.82408796  0.00060495268     0.17568581
     0.82458771  0.00060459259     0.17518739
     0.82508746  0.00060423291     0.17468897
     0.82558721  0.00060387364     0.17419055
     0.82608696  0.00060351478     0.17369211
     0.82658671  0.00060315632     0.17319367
     0.82708646  0.00060279826     0.17269523
     0.82758621  0.00060244061     0.17219678
     0.82808596  0.00060208336     0.17169832
     0.82858571  0.00060172652     0.17119985
     0.82908546  0.00060137008     0.17070138
     0.82958521  0.00060101404     0.17020291
     0.83008496  0.00060065840     0.16970442
     0.83058471  0.00060030317     0.16920593
     0.83108446  0.00059994833     0.16870744
     0.83158421  0.00059959390     0.16820894
     0.83208396  0.00059923986     0.16771043
     0.83258371  0.00059888622     0.16721191
     0.83308346  0.00059853298     0.16671339
     0.83358321  0.00059818013     0.16621487
     0.83408296  0.00059782768     0.16571633
     0.83458271  0.00059747563     0.16521780
     0.83508246  0.00059712398     0.16471925
     0.83558221  0.00059677271     0.16422070
     0.83608196  0.00059642185     0.16372215
     0.83658171  0.00059607137     0.16322358
     0.83708146  0.00059572129     0.16272502
     0.83758121  0.00059537160     0.16222644
     0.83808096  0.00059502231     0.16172787
     0.83858071  0.00059467340     0.16122928
     0.83908046  0.00059432488     0.16073069
     0.83958021  0.00059397676     0.16023209
     0.84007996  0.00059362902     0.15973349
     0.84057971  0.00059328168     0.15923488
     0.84107946  0.00059293472     0.15873627
     0.84157921  0.00059258815     0.15823765
     0.84207896  0.00059224196     0.15773903
     0.84257871  0.00059189617     0.15724040
     0.84307846  0.00059155075     0.15674176
     0.84357821  0.00059120573     0.15624312
     0.84407796  0.00059086109     0.15574448
     0.84457771  0.00059051683     0.15524583
     0.84507746  0.00059017296     0.15474717
     0.84557721  0.00058982947     0.15424851
     0.84607696  0.00058948636     0.15374984
     0.84657671  0.00058914363     0.15325117
     0.84707646  0.00058880129     0.15275249
     0.84757621  0.00058845932     0.15225381
     0.84807596  0.00058811774     0.15175512
     0.84857571  0.00058777653     0.15125643
     0.84907546  0.00058743571     0.15075773
     0.84957521  0.00058709526     0.15025902
     0.85007496  0.00058675519     0.14976031
     0.85057471  0.00058641550     0.14926160
     0.85107446  0.00058607618     0.14876288
     0.85157421  0.00058573725     0.14826416
     0.85207396  0.00058539868     0.14776543
     0.85257371  0.00058506049     0.14726670
     0.85307346  0.00058472268     0.14676796
     0.85357321  0.00058438524     0.14626921
     0.85407296  0.00058404817     0.14577046
     0.85457271  0.00058371148     0.14527171
     0.85507246  0.00058337516     0.14477295
     0.85557221  0.00058303921     0.14427419
     0.85607196  0.00058270363     0.14377542
     0.85657171  0.00058236842     0.14327665
     0.85707146  0.00058203358     0.14277787
     0.85757121  0.00058169911     0.14227909
     0.85807096  0.00058136501     0.14178030
     0.85857071  0.00058103128     0.14128151
     0.85907046  0.00058069791     0.14078271
     0.85957021  0.00058036491     0.14028391
     0.86006997  0.00058003228     0.13978511
     0.86056972  0.00057970002     0.13928629
     0.86106947  0.00057936812     0.13878748
     0.86156922  0.00057903659     0.13828866
     0.86206897  0.00057870542     0.13778984
     0.86256872  0.00057837461     0.13729101
     0.86306847  0.00057804417     0.13679218
     0.86356822  0.00057771409     0.13629334
     0.86406797  0.00057738437     0.13579450
     0.86456772  0.00057705502     0.13529565
     0.86506747  0.00057672602     0.13479680
     0.86556722  0.00057639739     0.13429794
     0.86606697  0.00057606912     0.13379908
     0.86656672  0.00057574120     0.13330022
     0.86706647  0.00057541365     0.13280135
     0.86756622  0.00057508645     0.13230248
     0.86806597  0.00057475961     0.13180360
     0.86856572  0.00057443313     0.13130472
     0.86906547  0.00057410701     0.13080584
     0.86956522  0.00057378124     0.13030695
     0.87006497  0.00057345583     0.12980806
     0.87056472  0.00057313077     0.12930916
     0.87106447  0.00057280607     0.12881026
     0.87156422  0.00057248172     0.12831135
     0.87206397  0.00057215773     0.12781244
     0.87256372  0.00057183408     0.12731353
     0.87306347  0.00057151080     0.12681461
     0.87356322  0.00057118786     0.12631569
     0.87406297  0.00057086527     0.12581676
     0.87456272  0.00057054304     0.12531783
     0.87506247  0.00057022116     0.12481890
     0.87556222  0.00056989962     0.12431996
     0.87606197  0.00056957844     0.12382102
     0.87656172  0.00056925761     0.12332207
     0.87706147  0.00056893712     0.12282312
     0.87756122  0.00056861698     0.12232417
     0.87806097  0.00056829719     0.12182521
     0.87856072  0.00056797774     0.12132625
     0.87906047  0.00056765865     0.12082728
     0.87956022  0.00056733989     0.12032831
     0.88005997  0.00056702149     0.11982934
     0.88055972  0.00056670343     0.11933037
     0.88105947  0.00056638571     0.11883139
     0.88155922  0.00056606833     0.11833240
     0.88205897  0.00056575130     0.11783341
     0.88255872  0.00056543462     0.11733442
     0.88305847  0.00056511827     0.11683543
     0.88355822  0.00056480227     0.11633643
     0.88405797  0.00056448660     0.11583743
     0.88455772  0.00056417128     0.11533842
     0.88505747  0.00056385630     0.11483941
     0.88555722  0.00056354166     0.11434040
     0.88605697  0.00056322735     0.11384138
     0.88655672  0.00056291339     0.11334236
     0.88705647  0.00056259976     0.11284334
     0.88755622  0.00056228647     0.11234431
     0.88805597  0.00056197352     0.11184528
     0.88855572  0.00056166091     0.11134625
     0.88905547  0.00056134863     0.11084721
     0.88955522  0.00056103669     0.11034817
     0.89005497  0.00056072508     0.10984912
     0.89055472  0.00056041381     0.10935007
     0.89105447  0.00056010287     0.10885102
     0.89155422  0.00055979226     0.10835197
     0.89205397  0.00055948199     0.10785291
     0.89255372  0.00055917205     0.10735385
     0.89305347  0.00055886244     0.10685478
     0.89355322  0.00055855317     0.10635572
     0.89405297  0.00055824422     0.10585664
     0.89455272  0.00055793561     0.10535757
     0.89505247  0.00055762733     0.10485849
     0.89555222  0.00055731937     0.10435941
     0.89605197  0.00055701175     0.10386033
     0.89655172  0.00055670445     0.10336124
     0.89705147  0.00055639749     0.10286215
     0.89755122  0.00055609085     0.10236306
     0.89805097  0.00055578453     0.10186396
     0.89855072  0.00055547855     0.10136486
     0.89905047  0.00055517289     0.10086575
     0.89955022  0.00055486756     0.10036665
     0.90004998  0.00055456255    0.099867539
     0.90054973  0.00055425786    0.099368427
     0.90104948  0.00055395351    0.098869311
     0.90154923  0.00055364947    0.098370192
     0.90204898  0.00055334576    0.097871071
     0.90254873  0.00055304237    0.097371946
     0.90304848  0.00055273931    0.096872818
     0.90354823  0.00055243656    0.096373687
     0.90404798  0.00055213414    0.095874554
     0.90454773  0.00055183204    0.095375417
     0.90504748  0.00055153026    0.094876278
     0.90554723  0.00055122880    0.094377135
     0.90604698  0.00055092765    0.093877990
     0.90654673  0.00055062683    0.093378841
     0.90704648  0.00055032633    0.092879690
     0.90754623  0.00055002614    0.092380536
     0.90804598  0.00054972628    0.091881379
     0.90854573  0.00054942673    0.091382219
     0.90904548  0.00054912749    0.090883057
     0.90954523  0.00054882858    0.090383891
     0.91004498  0.00054852998    0.089884723
     0.91054473  0.00054823169    0.089385552
     0.91104448  0.00054793372    0.088886378
     0.91154423  0.00054763606    0.088387201
     0.91204398  0.00054733872    0.087888022
     0.91254373  0.00054704169    0.087388840
     0.91304348  0.00054674498    0.086889655
     0.91354323  0.00054644858    0.086390468
     0.91404298  0.00054615248    0.085891278
     0.91454273  0.00054585671    0.085392085
     0.91504248  0.00054556124    0.084892889
     0.91554223  0.00054526608    0.084393691
     0.91604198  0.00054497123    0.083894490
     0.91654173  0.00054467670    0.083395287
     0.91704148  0.00054438247    0.082896081
     0.91754123  0.00054408855    0.082396872
     0.91804098  0.00054379494    0.081897661
     0.91854073  0.00054350164    0.081398447
     0.91904048  0.00054320865    0.080899231
     0.91954023  0.00054291596    0.080400012
     0.92003998  0.00054262358    0.079900791
     0.92053973  0.00054233150    0.079401567
     0.92103948  0.00054203974    0.078902340
     0.92153923  0.00054174827    0.078403111
     0.92203898  0.00054145712    0.077903880
     0.92253873  0.00054116626    0.077404646
     0.92303848  0.00054087571    0.076905410
     0.92353823  0.00054058547    0.076406171
     0.92403798  0.00054029552    0.075906930
     0.92453773  0.00054000588    0.075407686
     0.92503748  0.00053971655    0.074908440
     0.92553723  0.00053942751    0.074409191
     0.92603698  0.00053913878    0.073909940
     0.92653673  0.00053885034    0.073410687
     0.92703648  0.00053856221    0.072911431
     0.92753623  0.00053827437    0.072412174
     0.92803598  0.00053798684    0.071912913
     0.92853573  0.00053769961    0.071413651
     0.92903548  0.00053741267    0.070914386
     0.92953523  0.00053712603    0.070415118
     0.93003498  0.00053683969    0.069915849
     0.93053473  0.00053655365    0.069416577
     0.93103448  0.00053626791    0.068917303
     0.93153423  0.00053598246    0.068418026
     0.93203398  0.00053569730    0.067918748
     0.93253373  0.00053541245    0.067419467
     0.93303348  0.00053512789    0.066920184
     0.93353323  0.00053484362    0.066420899
     0.93403298  0.00053455965    0.065921611
     0.93453273  0.00053427597    0.065422321
     0.93503248  0.00053399258    0.064923029
     0.93553223  0.00053370949    0.064423735
     0.93603198  0.00053342669    0.063924439
     0.93653173  0.00053314418    0.063425141
     0.93703148  0.00053286197    0.062925840
     0.93753123  0.00053258004    0.062426538
     0.93803098  0.00053229841    0.061927233
     0.93853073  0.00053201707    0.061427926
     0.93903048  0.00053173602    0.060928617
     0.93953023  0.00053145525    0.060429306
     0.94002999  0.00053117478    0.059929993
     0.94052974  0.00053089460    0.059430678
     0.94102949  0.00053061470    0.058931361
     0.94152924  0.00053033509    0.058432041
     0.94202899  0.00053005577    0.057932720
     0.94252874  0.00052977674    0.057433397
     0.94302849  0.00052949799    0.056934071
     0.94352824  0.00052921953    0.056434744
     0.94402799  0.00052894136    0.055935415
     0.94452774  0.00052866347    0.055436083
     0.94502749  0.00052838587    0.054936750
     0.94552724  0.00052810855    0.054437415
     0.94602699  0.00052783151    0.053938077
     0.94652674  0.00052755476    0.053438738
     0.94702649  0.00052727830    0.052939397
     0.94752624  0.00052700211    0.052440054
     0.94802599  0.00052672621    0.051940709
     0.94852574  0.00052645059    0.051441362
     0.94902549  0.00052617525    0.050942014
     0.94952524  0.00052590020    0.050442663
     0.95002499  0.00052562542    0.049943310
     0.95052474  0.00052535093    0.049443956
     0.95102449  0.00052507671    0.048944600
     0.95152424  0.00052480278    0.048445242
     0.95202399  0.00052452912    0.047945882
     0.95252374  0.00052425575    0.047446520
     0.95302349  0.00052398265    0.046947156
     0.95352324  0.00052370983    0.046447791
     0.95402299  0.00052343729    0.045948424
     0.95452274  0.00052316503    0.045449055
     0.95502249  0.00052289304    0.044949684
     0.95552224  0.00052262133    0.044450311
     0.95602199  0.00052234989    0.043950937
     0.95652174  0.00052207873    0.043451561
     0.95702149  0.00052180785    0.042952183
     0.95752124  0.00052153724    0.042452803
     0.95802099  0.00052126691    0.041953422
     0.95852074  0.00052099685    0.041454039
     0.95902049  0.00052072706    0.040954654
     0.95952024  0.00052045755    0.040455268
     0.96001999  0.00052018831    0.039955880
     0.96051974  0.00051991935    0.039456490
     0.96101949  0.00051965065    0.038957098
     0.96151924  0.00051938223    0.038457705
     0.96201899  0.00051911408    0.037958310
     0.96251874  0.00051884620    0.037458914
     0.96301849  0.00051857859    0.036959515
     0.96351824  0.00051831125    0.036460115
     0.96401799  0.00051804418    0.035960714
     0.96451774  0.00051777738    0.035461311
     0.96501749  0.00051751085    0.034961906
     0.96551724  0.00051724459    0.034462500
     0.96601699  0.00051697859    0.033963092
     0.96651674  0.00051671287    0.033463682
     0.96701649  0.00051644741    0.032964271
     0.96751624  0.00051618222    0.032464859
     0.96801599  0.00051591729    0.031965444
     0.96851574  0.00051565264    0.031466029
     0.96901549  0.00051538824    0.030966611
     0.96951524  0.00051512412    0.030467192
     0.97001499  0.00051486026    0.029967772
     0.97051474  0.00051459666    0.029468350
     0.97101449  0.00051433333    0.028968926
     0.97151424  0.00051407026    0.028469501
     0.97201399  0.00051380746    0.027970075
     0.97251374  0.00051354492    0.027470647
     0.97301349  0.00051328264    0.026971217
     0.97351324  0.00051302063    0.026471786
     0.97401299  0.00051275888    0.025972354
     0.97451274  0.00051249739    0.025472920
     0.97501249  0.00051223616    0.024973484
     0.97551224  0.00051197519    0.024474047
     0.97601199  0.00051171448    0.023974609
     0.97651174  0.00051145404    0.023475169
     0.97701149  0.00051119385    0.022975728
     0.97751124  0.00051093392    0.022476286
     0.97801099  0.00051067425    0.021976842
     0.97851074  0.00051041485    0.021477396
     0.97901049  0.00051015570    0.020977949
     0.97951024  0.00050989680    0.020478501
     0.98001000  0.00050963817    0.019979051
     0.98050975  0.00050937979    0.019479600
     0.98100950  0.00050912167    0.018980148
     0.98150925  0.00050886381    0.018480694
     0.98200900  0.00050860621    0.017981239
     0.98250875  0.00050834885    0.017481782
     0.98300850  0.00050809176    0.016982325
     0.98350825  0.00050783492    0.016482865
     0.98400800  0.00050757834    0.015983405
     0.98450775  0.00050732201    0.015483943
     0.98500750  0.00050706593    0.014984480
     0.98550725  0.00050681011    0.014485015
     0.98600700  0.00050655454    0.013985549
     0.98650675  0.00050629922    0.013486082
     0.98700650  0.00050604416    0.012986614
     0.98750625  0.00050578935    0.012487144
     0.98800600  0.00050553479    0.011987673
     0.98850575  0.00050528048    0.011488201
     0.98900550  0.00050502643    0.010988727
     0.98950525  0.00050477262    0.010489253
     0.99000500  0.00050451907   0.0099897765
     0.99050475  0.00050426577   0.0094902992
     0.99100450  0.00050401271   0.0089908206
     0.99150425  0.00050375991   0.0084913408
     0.99200400  0.00050350735   0.0079918597
     0.99250375  0.00050325505   0.0074923774
     0.99300350  0.00050300299   0.0069928939
     0.99350325  0.00050275118   0.0064934092
     0.99400300  0.00050249962   0.0059939233
     0.99450275  0.00050224830   0.0054944362
     0.99500250  0.00050199724   0.0049949479
     0.99550225  0.00050174642   0.0044954583
     0.99600200  0.00050149584   0.0039959676
     0.99650175  0.00050124551   0.0034964757
     0.99700150  0.00050099543   0.0029969827
     0.99750125  0.00050074559   0.0024974885
     0.99800100  0.00050049600   0.0019979931
     0.99850075  0.00050024665   0.0014984965
     0.99900050  0.00049999755  0.00099899882
