       x:             approx:          exact:  
  0.00099900100    0.017960215   0.0089413199
   0.0019980020    0.026791615    0.017783831
   0.0029970030    0.035525188    0.026528515
   0.0039960040    0.044161908    0.035176344
   0.0049950050    0.052702736    0.043728282
   0.0059940060    0.061148627    0.052185281
   0.0069930070    0.069500524    0.060548286
   0.0079920080    0.077759361    0.068818230
   0.0089910090    0.085926064    0.076996039
   0.0099900100    0.094001548    0.085082628
    0.010989011     0.10198672    0.093078904
    0.011988012     0.10988248     0.10098577
    0.012987013     0.11768971     0.10880410
    0.013986014     0.12540929     0.11653479
    0.014985015     0.13304211     0.12417870
    0.015984016     0.14058901     0.13173670
    0.016983017     0.14805085     0.13920965
    0.017982018     0.15542848     0.14659838
    0.018981019     0.16272273     0.15390373
    0.019980020     0.16993444     0.16112654
    0.020979021     0.17706442     0.16826762
    0.021978022     0.18411349     0.17532778
    0.022977023     0.19108245     0.18230784
    0.023976024     0.19797210     0.18920858
    0.024975025     0.20478322     0.19603080
    0.025974026     0.21151660     0.20277527
    0.026973027     0.21817301     0.20944277
    0.027972028     0.22475321     0.21603406
    0.028971029     0.23125796     0.22254991
    0.029970030     0.23768802     0.22899105
    0.030969031     0.24404411     0.23535824
    0.031968032     0.25032699     0.24165221
    0.032967033     0.25653737     0.24787368
    0.033966034     0.26267599     0.25402338
    0.034965035     0.26874354     0.26010203
    0.035964036     0.27474074     0.26611031
    0.036963037     0.28066829     0.27204895
    0.037962038     0.28652687     0.27791862
    0.038961039     0.29231718     0.28372002
    0.039960040     0.29803989     0.28945381
    0.040959041     0.30369568     0.29512069
    0.041958042     0.30928521     0.30072130
    0.042957043     0.31480914     0.30625631
    0.043956044     0.32026812     0.31172638
    0.044955045     0.32566279     0.31713213
    0.045954046     0.33099380     0.32247423
    0.046953047     0.33626178     0.32775329
    0.047952048     0.34146736     0.33296995
    0.048951049     0.34661115     0.33812482
    0.049950050     0.35169377     0.34321852
    0.050949051     0.35671583     0.34825166
    0.051948052     0.36167793     0.35322484
    0.052947053     0.36658066     0.35813865
    0.053946054     0.37142462     0.36299369
    0.054945055     0.37621039     0.36779054
    0.055944056     0.38093855     0.37252977
    0.056943057     0.38560967     0.37721197
    0.057942058     0.39022432     0.38183770
    0.058941059     0.39478306     0.38640751
    0.059940060     0.39928644     0.39092197
    0.060939061     0.40373502     0.39538162
    0.061938062     0.40812934     0.39978702
    0.062937063     0.41246994     0.40413869
    0.063936064     0.41675735     0.40843718
    0.064935065     0.42099211     0.41268301
    0.065934066     0.42517473     0.41687670
    0.066933067     0.42930574     0.42101878
    0.067932068     0.43338564     0.42510975
    0.068931069     0.43741495     0.42915013
    0.069930070     0.44139416     0.43314042
    0.070929071     0.44532378     0.43708111
    0.071928072     0.44920430     0.44097270
    0.072927073     0.45303621     0.44481568
    0.073926074     0.45681999     0.44861052
    0.074925075     0.46055611     0.45235772
    0.075924076     0.46424506     0.45605774
    0.076923077     0.46788730     0.45971105
    0.077922078     0.47148330     0.46331811
    0.078921079     0.47503351     0.46687939
    0.079920080     0.47853839     0.47039534
    0.080919081     0.48199839     0.47386641
    0.081918082     0.48541396     0.47729304
    0.082917083     0.48878554     0.48067569
    0.083916084     0.49211356     0.48401478
    0.084915085     0.49539847     0.48731074
    0.085914086     0.49864068     0.49056402
    0.086913087     0.50184062     0.49377503
    0.087912088     0.50499872     0.49694419
    0.088911089     0.50811538     0.50007191
    0.089910090     0.51119102     0.50315862
    0.090909091     0.51422605     0.50620471
    0.091908092     0.51722087     0.50921060
    0.092907093     0.52017589     0.51217668
    0.093906094     0.52309149     0.51510334
    0.094905095     0.52596807     0.51799098
    0.095904096     0.52880601     0.52083999
    0.096903097     0.53160571     0.52365074
    0.097902098     0.53436753     0.52642363
    0.098901099     0.53709187     0.52915902
    0.099900100     0.53977908     0.53185730
     0.10089910     0.54242954     0.53451882
     0.10189810     0.54504362     0.53714396
     0.10289710     0.54762167     0.53973307
     0.10389610     0.55016406     0.54228651
     0.10489510     0.55267113     0.54480465
     0.10589411     0.55514325     0.54728782
     0.10689311     0.55758075     0.54973638
     0.10789211     0.55998398     0.55215067
     0.10889111     0.56235328     0.55453103
     0.10989011     0.56468900     0.55687780
     0.11088911     0.56699145     0.55919131
     0.11188811     0.56926098     0.56147190
     0.11288711     0.57149791     0.56371989
     0.11388611     0.57370256     0.56593560
     0.11488511     0.57587526     0.56811935
     0.11588412     0.57801633     0.57027147
     0.11688312     0.58012607     0.57239227
     0.11788212     0.58220480     0.57448206
     0.11888112     0.58425283     0.57654114
     0.11988012     0.58627046     0.57856982
     0.12087912     0.58825799     0.58056841
     0.12187812     0.59021573     0.58253720
     0.12287712     0.59214397     0.58447650
     0.12387612     0.59404300     0.58638658
     0.12487512     0.59591311     0.58826775
     0.12587413     0.59775460     0.59012029
     0.12687313     0.59956774     0.59194449
     0.12787213     0.60135282     0.59374062
     0.12887113     0.60311012     0.59550897
     0.12987013     0.60483990     0.59724981
     0.13086913     0.60654246     0.59896341
     0.13186813     0.60821805     0.60065005
     0.13286713     0.60986694     0.60231000
     0.13386613     0.61148941     0.60394352
     0.13486513     0.61308571     0.60555087
     0.13586414     0.61465610     0.60713231
     0.13686314     0.61620084     0.60868810
     0.13786214     0.61772018     0.61021850
     0.13886114     0.61921439     0.61172375
     0.13986014     0.62068370     0.61320411
     0.14085914     0.62212837     0.61465983
     0.14185814     0.62354863     0.61609115
     0.14285714     0.62494474     0.61749831
     0.14385614     0.62631693     0.61888155
     0.14485514     0.62766545     0.62024111
     0.14585415     0.62899051     0.62157723
     0.14685315     0.63029237     0.62289013
     0.14785215     0.63157125     0.62418006
     0.14885115     0.63282737     0.62544723
     0.14985015     0.63406097     0.62669188
     0.15084915     0.63527227     0.62791423
     0.15184815     0.63646149     0.62911449
     0.15284715     0.63762885     0.63029290
     0.15384615     0.63877456     0.63144966
     0.15484515     0.63989884     0.63258499
     0.15584416     0.64100191     0.63369911
     0.15684316     0.64208398     0.63479222
     0.15784216     0.64314525     0.63586454
     0.15884116     0.64418593     0.63691627
     0.15984016     0.64520623     0.63794761
     0.16083916     0.64620634     0.63895877
     0.16183816     0.64718648     0.63994995
     0.16283716     0.64814683     0.64092135
     0.16383616     0.64908760     0.64187316
     0.16483516     0.65000897     0.64280558
     0.16583417     0.65091115     0.64371881
     0.16683317     0.65179432     0.64461302
     0.16783217     0.65265867     0.64548842
     0.16883117     0.65350439     0.64634518
     0.16983017     0.65433166     0.64718350
     0.17082917     0.65514067     0.64800356
     0.17182817     0.65593160     0.64880553
     0.17282717     0.65670463     0.64958960
     0.17382617     0.65745993     0.65035595
     0.17482517     0.65819769     0.65110475
     0.17582418     0.65891807     0.65183618
     0.17682318     0.65962126     0.65255041
     0.17782218     0.66030741     0.65324761
     0.17882118     0.66097671     0.65392794
     0.17982018     0.66162931     0.65459159
     0.18081918     0.66226538     0.65523871
     0.18181818     0.66288509     0.65586946
     0.18281718     0.66348861     0.65648402
     0.18381618     0.66407608     0.65708253
     0.18481518     0.66464768     0.65766517
     0.18581419     0.66520355     0.65823209
     0.18681319     0.66574386     0.65878344
     0.18781219     0.66626876     0.65931938
     0.18881119     0.66677840     0.65984006
     0.18981019     0.66727293     0.66034564
     0.19080919     0.66775251     0.66083626
     0.19180819     0.66821729     0.66131208
     0.19280719     0.66866740     0.66177324
     0.19380619     0.66910300     0.66221988
     0.19480519     0.66952423     0.66265215
     0.19580420     0.66993124     0.66307020
     0.19680320     0.67032416     0.66347416
     0.19780220     0.67070313     0.66386417
     0.19880120     0.67106830     0.66424038
     0.19980020     0.67141979     0.66460292
     0.20079920     0.67175776     0.66495192
     0.20179820     0.67208232     0.66528753
     0.20279720     0.67239362     0.66560987
     0.20379620     0.67269179     0.66591907
     0.20479520     0.67297695     0.66621528
     0.20579421     0.67324924     0.66649860
     0.20679321     0.67350878     0.66676919
     0.20779221     0.67375570     0.66702715
     0.20879121     0.67399013     0.66727262
     0.20979021     0.67421219     0.66750572
     0.21078921     0.67442200     0.66772657
     0.21178821     0.67461968     0.66793529
     0.21278721     0.67480537     0.66813201
     0.21378621     0.67497916     0.66831685
     0.21478521     0.67514119     0.66848992
     0.21578422     0.67529157     0.66865134
     0.21678322     0.67543042     0.66880122
     0.21778222     0.67555784     0.66893969
     0.21878122     0.67567396     0.66906684
     0.21978022     0.67577889     0.66918281
     0.22077922     0.67587273     0.66928769
     0.22177822     0.67595560     0.66938160
     0.22277722     0.67602761     0.66946465
     0.22377622     0.67608886     0.66953694
     0.22477522     0.67613946     0.66959858
     0.22577423     0.67617952     0.66964968
     0.22677323     0.67620915     0.66969034
     0.22777223     0.67622843     0.66972067
     0.22877123     0.67623749     0.66974076
     0.22977023     0.67623642     0.66975073
     0.23076923     0.67622532     0.66975067
     0.23176823     0.67620429     0.66974067
     0.23276723     0.67617343     0.66972085
     0.23376623     0.67613284     0.66969130
     0.23476523     0.67608261     0.66965210
     0.23576424     0.67602284     0.66960337
     0.23676324     0.67595362     0.66954520
     0.23776224     0.67587506     0.66947767
     0.23876124     0.67578723     0.66940088
     0.23976024     0.67569024     0.66931493
     0.24075924     0.67558417     0.66921990
     0.24175824     0.67546912     0.66911588
     0.24275724     0.67534517     0.66900297
     0.24375624     0.67521242     0.66888125
     0.24475524     0.67507094     0.66875081
     0.24575425     0.67492084     0.66861174
     0.24675325     0.67476218     0.66846412
     0.24775225     0.67459506     0.66830804
     0.24875125     0.67441956     0.66814358
     0.24975025     0.67423577     0.66797083
     0.25074925     0.67404377     0.66778986
     0.25174825     0.67384363     0.66760076
     0.25274725     0.67363545     0.66740361
     0.25374625     0.67341929     0.66719849
     0.25474525     0.67319525     0.66698548
     0.25574426     0.67296339     0.66676466
     0.25674326     0.67272379     0.66653610
     0.25774226     0.67247654     0.66629989
     0.25874126     0.67222171     0.66605609
     0.25974026     0.67195937     0.66580479
     0.26073926     0.67168960     0.66554605
     0.26173826     0.67141247     0.66527996
     0.26273726     0.67112805     0.66500658
     0.26373626     0.67083643     0.66472599
     0.26473526     0.67053766     0.66443825
     0.26573427     0.67023182     0.66414345
     0.26673327     0.66991899     0.66384165
     0.26773227     0.66959922     0.66353292
     0.26873127     0.66927259     0.66321733
     0.26973027     0.66893917     0.66289494
     0.27072927     0.66859903     0.66256583
     0.27172827     0.66825222     0.66223007
     0.27272727     0.66789883     0.66188771
     0.27372627     0.66753891     0.66153882
     0.27472527     0.66717252     0.66118347
     0.27572428     0.66679974     0.66082172
     0.27672328     0.66642062     0.66045364
     0.27772228     0.66603524     0.66007929
     0.27872128     0.66564364     0.65969873
     0.27972028     0.66524590     0.65931202
     0.28071928     0.66484207     0.65891923
     0.28171828     0.66443222     0.65852041
     0.28271728     0.66401640     0.65811562
     0.28371628     0.66359467     0.65770493
     0.28471528     0.66316710     0.65728839
     0.28571429     0.66273374     0.65686607
     0.28671329     0.66229464     0.65643801
     0.28771229     0.66184987     0.65600427
     0.28871129     0.66139949     0.65556492
     0.28971029     0.66094354     0.65512000
     0.29070929     0.66048208     0.65466958
     0.29170829     0.66001517     0.65421371
     0.29270729     0.65954286     0.65375243
     0.29370629     0.65906521     0.65328581
     0.29470529     0.65858227     0.65281390
     0.29570430     0.65809408     0.65233675
     0.29670330     0.65760071     0.65185442
     0.29770230     0.65710221     0.65136695
     0.29870130     0.65659862     0.65087439
     0.29970030     0.65608999     0.65037680
     0.30069930     0.65557639     0.64987423
     0.30169830     0.65505785     0.64936672
     0.30269730     0.65453442     0.64885433
     0.30369630     0.65400616     0.64833710
     0.30469530     0.65347311     0.64781508
     0.30569431     0.65293531     0.64728833
     0.30669331     0.65239283     0.64675687
     0.30769231     0.65184570     0.64622077
     0.30869131     0.65129396     0.64568007
     0.30969031     0.65073767     0.64513482
     0.31068931     0.65017687     0.64458505
     0.31168831     0.64961161     0.64403082
     0.31268731     0.64904193     0.64347217
     0.31368631     0.64846787     0.64290914
     0.31468531     0.64788947     0.64234178
     0.31568432     0.64730679     0.64177013
     0.31668332     0.64671986     0.64119423
     0.31768232     0.64612872     0.64061413
     0.31868132     0.64553342     0.64002986
     0.31968032     0.64493399     0.63944147
     0.32067932     0.64433049     0.63884900
     0.32167832     0.64372295     0.63825249
     0.32267732     0.64311140     0.63765198
     0.32367632     0.64249590     0.63704751
     0.32467532     0.64187647     0.63643911
     0.32567433     0.64125316     0.63582684
     0.32667333     0.64062601     0.63521072
     0.32767233     0.63999505     0.63459079
     0.32867133     0.63936032     0.63396710
     0.32967033     0.63872187     0.63333968
     0.33066933     0.63807972     0.63270856
     0.33166833     0.63743391     0.63207379
     0.33266733     0.63678449     0.63143540
     0.33366633     0.63613148     0.63079342
     0.33466533     0.63547492     0.63014789
     0.33566434     0.63481485     0.62949885
     0.33666334     0.63415130     0.62884634
     0.33766234     0.63348431     0.62819038
     0.33866134     0.63281391     0.62753101
     0.33966034     0.63214013     0.62686826
     0.34065934     0.63146301     0.62620218
     0.34165834     0.63078258     0.62553278
     0.34265734     0.63009888     0.62486011
     0.34365634     0.62941193     0.62418419
     0.34465534     0.62872177     0.62350506
     0.34565435     0.62802843     0.62282276
     0.34665335     0.62733194     0.62213731
     0.34765235     0.62663234     0.62144874
     0.34865135     0.62592966     0.62075708
     0.34965035     0.62522391     0.62006237
     0.35064935     0.62451515     0.61936464
     0.35164835     0.62380339     0.61866391
     0.35264735     0.62308866     0.61796022
     0.35364635     0.62237100     0.61725359
     0.35464535     0.62165044     0.61654406
     0.35564436     0.62092699     0.61583164
     0.35664336     0.62020070     0.61511639
     0.35764236     0.61947159     0.61439831
     0.35864136     0.61873969     0.61367744
     0.35964036     0.61800502     0.61295380
     0.36063936     0.61726762     0.61222743
     0.36163836     0.61652751     0.61149835
     0.36263736     0.61578471     0.61076658
     0.36363636     0.61503926     0.61003216
     0.36463536     0.61429118     0.60929512
     0.36563437     0.61354049     0.60855546
     0.36663337     0.61278723     0.60781323
     0.36763237     0.61203142     0.60706845
     0.36863137     0.61127307     0.60632114
     0.36963037     0.61051223     0.60557133
     0.37062937     0.60974891     0.60481904
     0.37162837     0.60898314     0.60406430
     0.37262737     0.60821495     0.60330714
     0.37362637     0.60744434     0.60254757
     0.37462537     0.60667136     0.60178562
     0.37562438     0.60589603     0.60102131
     0.37662338     0.60511836     0.60025468
     0.37762238     0.60433838     0.59948573
     0.37862138     0.60355611     0.59871449
     0.37962038     0.60277158     0.59794100
     0.38061938     0.60198481     0.59716526
     0.38161838     0.60119583     0.59638730
     0.38261738     0.60040464     0.59560715
     0.38361638     0.59961128     0.59482482
     0.38461538     0.59881577     0.59404034
     0.38561439     0.59801812     0.59325372
     0.38661339     0.59721836     0.59246500
     0.38761239     0.59641652     0.59167418
     0.38861139     0.59561260     0.59088130
     0.38961039     0.59480664     0.59008637
     0.39060939     0.59399865     0.58928941
     0.39160839     0.59318865     0.58849044
     0.39260739     0.59237666     0.58768949
     0.39360639     0.59156271     0.58688656
     0.39460539     0.59074680     0.58608169
     0.39560440     0.58992897     0.58527489
     0.39660340     0.58910923     0.58446617
     0.39760240     0.58828759     0.58365557
     0.39860140     0.58746409     0.58284310
     0.39960040     0.58663873     0.58202877
     0.40059940     0.58581153     0.58121260
     0.40159840     0.58498252     0.58039462
     0.40259740     0.58415171     0.57957484
     0.40359640     0.58331911     0.57875328
     0.40459540     0.58248476     0.57792996
     0.40559441     0.58164866     0.57710489
     0.40659341     0.58081083     0.57627809
     0.40759241     0.57997129     0.57544958
     0.40859141     0.57913005     0.57461937
     0.40959041     0.57828714     0.57378749
     0.41058941     0.57744256     0.57295395
     0.41158841     0.57659635     0.57211876
     0.41258741     0.57574850     0.57128195
     0.41358641     0.57489904     0.57044352
     0.41458541     0.57404799     0.56960350
     0.41558442     0.57319536     0.56876190
     0.41658342     0.57234116     0.56791873
     0.41758242     0.57148541     0.56707402
     0.41858142     0.57062813     0.56622777
     0.41958042     0.56976934     0.56538000
     0.42057942     0.56890904     0.56453073
     0.42157842     0.56804725     0.56367998
     0.42257742     0.56718399     0.56282775
     0.42357642     0.56631927     0.56197406
     0.42457542     0.56545311     0.56111893
     0.42557443     0.56458551     0.56026236
     0.42657343     0.56371651     0.55940439
     0.42757243     0.56284610     0.55854501
     0.42857143     0.56197430     0.55768424
     0.42957043     0.56110113     0.55682210
     0.43056943     0.56022660     0.55595860
     0.43156843     0.55935072     0.55509376
     0.43256743     0.55847351     0.55422758
     0.43356643     0.55759498     0.55336008
     0.43456543     0.55671514     0.55249127
     0.43556444     0.55583401     0.55162117
     0.43656344     0.55495160     0.55074979
     0.43756244     0.55406792     0.54987714
     0.43856144     0.55318299     0.54900324
     0.43956044     0.55229681     0.54812809
     0.44055944     0.55140940     0.54725171
     0.44155844     0.55052077     0.54637412
     0.44255744     0.54963094     0.54549531
     0.44355644     0.54873991     0.54461532
     0.44455544     0.54784770     0.54373414
     0.44555445     0.54695432     0.54285179
     0.44655345     0.54605978     0.54196828
     0.44755245     0.54516409     0.54108362
     0.44855145     0.54426727     0.54019783
     0.44955045     0.54336932     0.53931091
     0.45054945     0.54247026     0.53842288
     0.45154845     0.54157010     0.53753374
     0.45254745     0.54066884     0.53664352
     0.45354645     0.53976650     0.53575221
     0.45454545     0.53886309     0.53485984
     0.45554446     0.53795863     0.53396640
     0.45654346     0.53705311     0.53307191
     0.45754246     0.53614656     0.53217639
     0.45854146     0.53523898     0.53127984
     0.45954046     0.53433037     0.53038227
     0.46053946     0.53342077     0.52948369
     0.46153846     0.53251016     0.52858412
     0.46253746     0.53159857     0.52768355
     0.46353646     0.53068600     0.52678201
     0.46453546     0.52977246     0.52587950
     0.46553447     0.52885796     0.52497603
     0.46653347     0.52794251     0.52407162
     0.46753247     0.52702612     0.52316626
     0.46853147     0.52610880     0.52225997
     0.46953047     0.52519057     0.52135276
     0.47052947     0.52427141     0.52044464
     0.47152847     0.52335136     0.51953562
     0.47252747     0.52243041     0.51862570
     0.47352647     0.52150858     0.51771490
     0.47452547     0.52058587     0.51680322
     0.47552448     0.51966229     0.51589068
     0.47652348     0.51873786     0.51497727
     0.47752248     0.51781257     0.51406301
     0.47852148     0.51688644     0.51314792
     0.47952048     0.51595948     0.51223199
     0.48051948     0.51503169     0.51131523
     0.48151848     0.51410309     0.51039766
     0.48251748     0.51317368     0.50947927
     0.48351648     0.51224346     0.50856009
     0.48451548     0.51131246     0.50764011
     0.48551449     0.51038067     0.50671935
     0.48651349     0.50944810     0.50579781
     0.48751249     0.50851476     0.50487550
     0.48851149     0.50758066     0.50395243
     0.48951049     0.50664580     0.50302861
     0.49050949     0.50571020     0.50210404
     0.49150849     0.50477386     0.50117873
     0.49250749     0.50383679     0.50025269
     0.49350649     0.50289899     0.49932592
     0.49450549     0.50196047     0.49839843
     0.49550450     0.50102125     0.49747024
     0.49650350     0.50008132     0.49654134
     0.49750250     0.49914069     0.49561174
     0.49850150     0.49819938     0.49468146
     0.49950050     0.49725738     0.49375049
     0.50049950     0.49631471     0.49281885
     0.50149850     0.49537136     0.49188653
     0.50249750     0.49442736     0.49095356
     0.50349650     0.49348270     0.49001993
     0.50449550     0.49253739     0.48908565
     0.50549451     0.49159143     0.48815073
     0.50649351     0.49064484     0.48721517
     0.50749251     0.48969763     0.48627898
     0.50849151     0.48874978     0.48534216
     0.50949051     0.48780132     0.48440473
     0.51048951     0.48685225     0.48346669
     0.51148851     0.48590257     0.48252804
     0.51248751     0.48495229     0.48158879
     0.51348651     0.48400142     0.48064895
     0.51448551     0.48304996     0.47970852
     0.51548452     0.48209792     0.47876751
     0.51648352     0.48114530     0.47782593
     0.51748252     0.48019212     0.47688377
     0.51848152     0.47923836     0.47594105
     0.51948052     0.47828405     0.47499777
     0.52047952     0.47732919     0.47405393
     0.52147852     0.47637378     0.47310955
     0.52247752     0.47541782     0.47216463
     0.52347652     0.47446133     0.47121917
     0.52447552     0.47350431     0.47027317
     0.52547453     0.47254676     0.46932665
     0.52647353     0.47158869     0.46837961
     0.52747253     0.47063010     0.46743206
     0.52847153     0.46967100     0.46648399
     0.52947053     0.46871140     0.46553542
     0.53046953     0.46775129     0.46458634
     0.53146853     0.46679069     0.46363677
     0.53246753     0.46582960     0.46268671
     0.53346653     0.46486803     0.46173616
     0.53446553     0.46390597     0.46078513
     0.53546454     0.46294343     0.45983363
     0.53646354     0.46198043     0.45888165
     0.53746254     0.46101695     0.45792921
     0.53846154     0.46005302     0.45697630
     0.53946054     0.45908862     0.45602294
     0.54045954     0.45812378     0.45506912
     0.54145854     0.45715848     0.45411486
     0.54245754     0.45619274     0.45316015
     0.54345654     0.45522656     0.45220500
     0.54445554     0.45425995     0.45124941
     0.54545455     0.45329290     0.45029340
     0.54645355     0.45232543     0.44933695
     0.54745255     0.45135753     0.44838009
     0.54845155     0.45038922     0.44742281
     0.54945055     0.44942049     0.44646511
     0.55044955     0.44845135     0.44550700
     0.55144855     0.44748181     0.44454849
     0.55244755     0.44651186     0.44358957
     0.55344655     0.44554152     0.44263025
     0.55444555     0.44457078     0.44167055
     0.55544456     0.44359965     0.44071045
     0.55644356     0.44262813     0.43974996
     0.55744256     0.44165624     0.43878910
     0.55844156     0.44068396     0.43782785
     0.55944056     0.43971131     0.43686623
     0.56043956     0.43873829     0.43590424
     0.56143856     0.43776490     0.43494188
     0.56243756     0.43679115     0.43397916
     0.56343656     0.43581703     0.43301607
     0.56443556     0.43484256     0.43205263
     0.56543457     0.43386774     0.43108884
     0.56643357     0.43289257     0.43012470
     0.56743257     0.43191705     0.42916021
     0.56843157     0.43094119     0.42819538
     0.56943057     0.42996499     0.42723021
     0.57042957     0.42898845     0.42626470
     0.57142857     0.42801159     0.42529887
     0.57242757     0.42703439     0.42433270
     0.57342657     0.42605687     0.42336620
     0.57442557     0.42507902     0.42239939
     0.57542458     0.42410085     0.42143225
     0.57642358     0.42312237     0.42046480
     0.57742258     0.42214358     0.41949704
     0.57842158     0.42116447     0.41852896
     0.57942058     0.42018506     0.41756058
     0.58041958     0.41920534     0.41659189
     0.58141858     0.41822533     0.41562291
     0.58241758     0.41724501     0.41465362
     0.58341658     0.41626440     0.41368404
     0.58441558     0.41528350     0.41271417
     0.58541459     0.41430231     0.41174401
     0.58641359     0.41332083     0.41077356
     0.58741259     0.41233907     0.40980283
     0.58841159     0.41135703     0.40883182
     0.58941059     0.41037471     0.40786053
     0.59040959     0.40939212     0.40688897
     0.59140859     0.40840925     0.40591713
     0.59240759     0.40742612     0.40494503
     0.59340659     0.40644271     0.40397265
     0.59440559     0.40545905     0.40300002
     0.59540460     0.40447512     0.40202712
     0.59640360     0.40349093     0.40105396
     0.59740260     0.40250649     0.40008055
     0.59840160     0.40152179     0.39910688
     0.59940060     0.40053684     0.39813296
     0.60039960     0.39955164     0.39715879
     0.60139860     0.39856620     0.39618438
     0.60239760     0.39758051     0.39520972
     0.60339660     0.39659458     0.39423482
     0.60439560     0.39560841     0.39325968
     0.60539461     0.39462201     0.39228430
     0.60639361     0.39363537     0.39130869
     0.60739261     0.39264849     0.39033285
     0.60839161     0.39166139     0.38935678
     0.60939061     0.39067406     0.38838048
     0.61038961     0.38968651     0.38740395
     0.61138861     0.38869873     0.38642721
     0.61238761     0.38771073     0.38545024
     0.61338661     0.38672252     0.38447305
     0.61438561     0.38573408     0.38349565
     0.61538462     0.38474543     0.38251803
     0.61638362     0.38375658     0.38154020
     0.61738262     0.38276751     0.38056216
     0.61838162     0.38177823     0.37958391
     0.61938062     0.38078874     0.37860546
     0.62037962     0.37979906     0.37762680
     0.62137862     0.37880917     0.37664794
     0.62237762     0.37781908     0.37566889
     0.62337662     0.37682879     0.37468963
     0.62437562     0.37583831     0.37371018
     0.62537463     0.37484764     0.37273053
     0.62637363     0.37385677     0.37175069
     0.62737263     0.37286571     0.37077066
     0.62837163     0.37187446     0.36979045
     0.62937063     0.37088303     0.36881005
     0.63036963     0.36989141     0.36782946
     0.63136863     0.36889961     0.36684869
     0.63236763     0.36790763     0.36586774
     0.63336663     0.36691548     0.36488661
     0.63436563     0.36592314     0.36390530
     0.63536464     0.36493063     0.36292382
     0.63636364     0.36393794     0.36194216
     0.63736264     0.36294508     0.36096034
     0.63836164     0.36195206     0.35997834
     0.63936064     0.36095886     0.35899617
     0.64035964     0.35996550     0.35801384
     0.64135864     0.35897197     0.35703134
     0.64235764     0.35797828     0.35604868
     0.64335664     0.35698442     0.35506585
     0.64435564     0.35599041     0.35408287
     0.64535465     0.35499623     0.35309973
     0.64635365     0.35400190     0.35211643
     0.64735265     0.35300742     0.35113297
     0.64835165     0.35201278     0.35014936
     0.64935065     0.35101799     0.34916560
     0.65034965     0.35002304     0.34818168
     0.65134865     0.34902795     0.34719762
     0.65234765     0.34803271     0.34621341
     0.65334665     0.34703732     0.34522905
     0.65434565     0.34604179     0.34424455
     0.65534466     0.34504611     0.34325990
     0.65634366     0.34405029     0.34227511
     0.65734266     0.34305433     0.34129018
     0.65834166     0.34205823     0.34030511
     0.65934066     0.34106200     0.33931991
     0.66033966     0.34006562     0.33833456
     0.66133866     0.33906911     0.33734908
     0.66233766     0.33807247     0.33636347
     0.66333666     0.33707570     0.33537773
     0.66433566     0.33607879     0.33439185
     0.66533467     0.33508175     0.33340584
     0.66633367     0.33408459     0.33241971
     0.66733267     0.33308729     0.33143344
     0.66833167     0.33208988     0.33044705
     0.66933067     0.33109233     0.32946054
     0.67032967     0.33009466     0.32847390
     0.67132867     0.32909687     0.32748714
     0.67232767     0.32809896     0.32650026
     0.67332667     0.32710093     0.32551326
     0.67432567     0.32610278     0.32452614
     0.67532468     0.32510451     0.32353890
     0.67632368     0.32410613     0.32255155
     0.67732268     0.32310763     0.32156408
     0.67832168     0.32210902     0.32057649
     0.67932068     0.32111029     0.31958879
     0.68031968     0.32011145     0.31860099
     0.68131868     0.31911250     0.31761307
     0.68231768     0.31811344     0.31662504
     0.68331668     0.31711427     0.31563690
     0.68431568     0.31611500     0.31464865
     0.68531469     0.31511562     0.31366030
     0.68631369     0.31411613     0.31267184
     0.68731269     0.31311654     0.31168328
     0.68831169     0.31211684     0.31069462
     0.68931069     0.31111704     0.30970585
     0.69030969     0.31011715     0.30871698
     0.69130869     0.30911715     0.30772801
     0.69230769     0.30811705     0.30673894
     0.69330669     0.30711685     0.30574978
     0.69430569     0.30611656     0.30476051
     0.69530470     0.30511617     0.30377115
     0.69630370     0.30411568     0.30278170
     0.69730270     0.30311510     0.30179215
     0.69830170     0.30211443     0.30080250
     0.69930070     0.30111367     0.29981277
     0.70029970     0.30011281     0.29882294
     0.70129870     0.29911186     0.29783302
     0.70229770     0.29811082     0.29684301
     0.70329670     0.29710969     0.29585292
     0.70429570     0.29610848     0.29486273
     0.70529471     0.29510718     0.29387246
     0.70629371     0.29410579     0.29288210
     0.70729271     0.29310431     0.29189166
     0.70829171     0.29210276     0.29090113
     0.70929071     0.29110111     0.28991051
     0.71028971     0.29009939     0.28891982
     0.71128871     0.28909758     0.28792904
     0.71228771     0.28809569     0.28693818
     0.71328671     0.28709372     0.28594724
     0.71428571     0.28609167     0.28495622
     0.71528472     0.28508955     0.28396513
     0.71628372     0.28408734     0.28297395
     0.71728272     0.28308506     0.28198270
     0.71828172     0.28208270     0.28099137
     0.71928072     0.28108026     0.27999996
     0.72027972     0.28007775     0.27900848
     0.72127872     0.27907517     0.27801692
     0.72227772     0.27807251     0.27702530
     0.72327672     0.27706978     0.27603359
     0.72427572     0.27606697     0.27504182
     0.72527473     0.27506410     0.27404998
     0.72627373     0.27406115     0.27305806
     0.72727273     0.27305814     0.27206607
     0.72827173     0.27205505     0.27107402
     0.72927073     0.27105190     0.27008190
     0.73026973     0.27004868     0.26908970
     0.73126873     0.26904539     0.26809745
     0.73226773     0.26804204     0.26710512
     0.73326673     0.26703861     0.26611273
     0.73426573     0.26603513     0.26512027
     0.73526474     0.26503158     0.26412775
     0.73626374     0.26402796     0.26313517
     0.73726274     0.26302428     0.26214252
     0.73826174     0.26202054     0.26114981
     0.73926074     0.26101674     0.26015703
     0.74025974     0.26001288     0.25916420
     0.74125874     0.25900895     0.25817130
     0.74225774     0.25800497     0.25717835
     0.74325674     0.25700092     0.25618533
     0.74425574     0.25599682     0.25519226
     0.74525475     0.25499265     0.25419913
     0.74625375     0.25398843     0.25320594
     0.74725275     0.25298416     0.25221269
     0.74825175     0.25197982     0.25121938
     0.74925075     0.25097543     0.25022602
     0.75024975     0.24997099     0.24923261
     0.75124875     0.24896648     0.24823913
     0.75224775     0.24796193     0.24724561
     0.75324675     0.24695732     0.24625203
     0.75424575     0.24595265     0.24525840
     0.75524476     0.24494794     0.24426471
     0.75624376     0.24394317     0.24327097
     0.75724276     0.24293835     0.24227718
     0.75824176     0.24193348     0.24128334
     0.75924076     0.24092856     0.24028944
     0.76023976     0.23992358     0.23929550
     0.76123876     0.23891856     0.23830151
     0.76223776     0.23791349     0.23730747
     0.76323676     0.23690837     0.23631338
     0.76423576     0.23590320     0.23531924
     0.76523477     0.23489798     0.23432505
     0.76623377     0.23389272     0.23333081
     0.76723277     0.23288741     0.23233653
     0.76823177     0.23188205     0.23134220
     0.76923077     0.23087664     0.23034783
     0.77022977     0.22987119     0.22935341
     0.77122877     0.22886570     0.22835895
     0.77222777     0.22786016     0.22736444
     0.77322677     0.22685458     0.22636988
     0.77422577     0.22584895     0.22537529
     0.77522478     0.22484328     0.22438064
     0.77622378     0.22383757     0.22338596
     0.77722278     0.22283181     0.22239123
     0.77822178     0.22182601     0.22139647
     0.77922078     0.22082017     0.22040166
     0.78021978     0.21981429     0.21940681
     0.78121878     0.21880837     0.21841191
     0.78221778     0.21780241     0.21741698
     0.78321678     0.21679641     0.21642201
     0.78421578     0.21579037     0.21542700
     0.78521479     0.21478429     0.21443195
     0.78621379     0.21377817     0.21343686
     0.78721279     0.21277201     0.21244173
     0.78821179     0.21176581     0.21144656
     0.78921079     0.21075958     0.21045136
     0.79020979     0.20975331     0.20945612
     0.79120879     0.20874700     0.20846084
     0.79220779     0.20774066     0.20746553
     0.79320679     0.20673427     0.20647018
     0.79420579     0.20572786     0.20547479
     0.79520480     0.20472141     0.20447937
     0.79620380     0.20371492     0.20348391
     0.79720280     0.20270840     0.20248842
     0.79820180     0.20170184     0.20149289
     0.79920080     0.20069525     0.20049733
     0.80019980     0.19968863     0.19950174
     0.80119880     0.19868197     0.19850611
     0.80219780     0.19767528     0.19751045
     0.80319680     0.19666856     0.19651475
     0.80419580     0.19566180     0.19551903
     0.80519481     0.19465501     0.19452327
     0.80619381     0.19364819     0.19352748
     0.80719281     0.19264134     0.19253166
     0.80819181     0.19163446     0.19153581
     0.80919081     0.19062755     0.19053992
     0.81018981     0.18962060     0.18954401
     0.81118881     0.18861363     0.18854806
     0.81218781     0.18760662     0.18755209
     0.81318681     0.18659959     0.18655609
     0.81418581     0.18559253     0.18556005
     0.81518482     0.18458544     0.18456399
     0.81618382     0.18357832     0.18356790
     0.81718282     0.18257117     0.18257178
     0.81818182     0.18156399     0.18157563
     0.81918082     0.18055678     0.18057946
     0.82017982     0.17954955     0.17958326
     0.82117882     0.17854229     0.17858703
     0.82217782     0.17753500     0.17759077
     0.82317682     0.17652769     0.17659448
     0.82417582     0.17552035     0.17559817
     0.82517483     0.17451298     0.17460184
     0.82617383     0.17350559     0.17360547
     0.82717283     0.17249817     0.17260908
     0.82817183     0.17149073     0.17161267
     0.82917083     0.17048326     0.17061623
     0.83016983     0.16947576     0.16961976
     0.83116883     0.16846824     0.16862327
     0.83216783     0.16746070     0.16762676
     0.83316683     0.16645313     0.16663022
     0.83416583     0.16544554     0.16563366
     0.83516484     0.16443792     0.16463707
     0.83616384     0.16343028     0.16364046
     0.83716284     0.16242262     0.16264383
     0.83816184     0.16141494     0.16164718
     0.83916084     0.16040723     0.16065050
     0.84015984     0.15939950     0.15965379
     0.84115884     0.15839174     0.15865707
     0.84215784     0.15738397     0.15766032
     0.84315684     0.15637617     0.15666356
     0.84415584     0.15536835     0.15566677
     0.84515485     0.15436051     0.15466996
     0.84615385     0.15335265     0.15367312
     0.84715285     0.15234476     0.15267627
     0.84815185     0.15133686     0.15167939
     0.84915085     0.15032893     0.15068250
     0.85014985     0.14932099     0.14968558
     0.85114885     0.14831302     0.14868865
     0.85214785     0.14730504     0.14769169
     0.85314685     0.14629703     0.14669471
     0.85414585     0.14528900     0.14569772
     0.85514486     0.14428096     0.14470070
     0.85614386     0.14327289     0.14370367
     0.85714286     0.14226481     0.14270662
     0.85814186     0.14125671     0.14170954
     0.85914086     0.14024859     0.14071245
     0.86013986     0.13924045     0.13971534
     0.86113886     0.13823229     0.13871821
     0.86213786     0.13722411     0.13772107
     0.86313686     0.13621592     0.13672390
     0.86413586     0.13520771     0.13572672
     0.86513487     0.13419948     0.13472952
     0.86613387     0.13319123     0.13373230
     0.86713287     0.13218297     0.13273507
     0.86813187     0.13117469     0.13173782
     0.86913087     0.13016639     0.13074055
     0.87012987     0.12915807     0.12974326
     0.87112887     0.12814974     0.12874596
     0.87212787     0.12714139     0.12774864
     0.87312687     0.12613303     0.12675131
     0.87412587     0.12512465     0.12575396
     0.87512488     0.12411625     0.12475659
     0.87612388     0.12310784     0.12375921
     0.87712288     0.12209941     0.12276181
     0.87812188     0.12109097     0.12176440
     0.87912088     0.12008251     0.12076697
     0.88011988     0.11907404     0.11976952
     0.88111888     0.11806555     0.11877207
     0.88211788     0.11705704     0.11777459
     0.88311688     0.11604853     0.11677710
     0.88411588     0.11503999     0.11577960
     0.88511489     0.11403145     0.11478208
     0.88611389     0.11302288     0.11378455
     0.88711289     0.11201431     0.11278700
     0.88811189     0.11100572     0.11178944
     0.88911089     0.10999711     0.11079187
     0.89010989     0.10898850     0.10979428
     0.89110889     0.10797987     0.10879668
     0.89210789     0.10697122     0.10779907
     0.89310689     0.10596256     0.10680144
     0.89410589     0.10495389     0.10580380
     0.89510490     0.10394521     0.10480614
     0.89610390     0.10293651     0.10380847
     0.89710290     0.10192780     0.10281079
     0.89810190     0.10091908     0.10181310
     0.89910090    0.099910343     0.10081540
     0.90009990    0.098901596    0.099817678
     0.90109890    0.097892836    0.098819948
     0.90209790    0.096884064    0.097822205
     0.90309690    0.095875280    0.096824451
     0.90409590    0.094866483    0.095826685
     0.90509491    0.093857676    0.094828906
     0.90609391    0.092848856    0.093831117
     0.90709291    0.091840025    0.092833315
     0.90809191    0.090831182    0.091835502
     0.90909091    0.089822328    0.090837678
     0.91008991    0.088813463    0.089839842
     0.91108891    0.087804587    0.088841996
     0.91208791    0.086795699    0.087844138
     0.91308691    0.085786801    0.086846270
     0.91408591    0.084777892    0.085848390
     0.91508492    0.083768972    0.084850500
     0.91608392    0.082760042    0.083852599
     0.91708292    0.081751101    0.082854688
     0.91808192    0.080742149    0.081856767
     0.91908092    0.079733188    0.080858835
     0.92007992    0.078724216    0.079860893
     0.92107892    0.077715234    0.078862941
     0.92207792    0.076706242    0.077864979
     0.92307692    0.075697241    0.076867007
     0.92407592    0.074688229    0.075869025
     0.92507493    0.073679208    0.074871034
     0.92607393    0.072670178    0.073873033
     0.92707293    0.071661137    0.072875022
     0.92807193    0.070652088    0.071877002
     0.92907093    0.069643029    0.070878973
     0.93006993    0.068633961    0.069880935
     0.93106893    0.067624884    0.068882887
     0.93206793    0.066615797    0.067884831
     0.93306693    0.065606702    0.066886765
     0.93406593    0.064597598    0.065888691
     0.93506494    0.063588485    0.064890608
     0.93606394    0.062579364    0.063892516
     0.93706294    0.061570234    0.062894416
     0.93806194    0.060561095    0.061896307
     0.93906094    0.059551948    0.060898190
     0.94005994    0.058542793    0.059900064
     0.94105894    0.057533629    0.058901930
     0.94205794    0.056524458    0.057903788
     0.94305694    0.055515278    0.056905638
     0.94405594    0.054506090    0.055907480
     0.94505495    0.053496894    0.054909314
     0.94605395    0.052487691    0.053911140
     0.94705295    0.051478479    0.052912959
     0.94805195    0.050469260    0.051914769
     0.94905095    0.049460033    0.050916572
     0.95004995    0.048450799    0.049918368
     0.95104895    0.047441558    0.048920156
     0.95204795    0.046432308    0.047921936
     0.95304695    0.045423052    0.046923710
     0.95404595    0.044413788    0.045925476
     0.95504496    0.043404518    0.044927235
     0.95604396    0.042395240    0.043928986
     0.95704296    0.041385955    0.042930731
     0.95804196    0.040376663    0.041932469
     0.95904096    0.039367364    0.040934200
     0.96003996    0.038358058    0.039935924
     0.96103896    0.037348746    0.038937641
     0.96203796    0.036339427    0.037939352
     0.96303696    0.035330101    0.036941056
     0.96403596    0.034320769    0.035942753
     0.96503497    0.033311430    0.034944444
     0.96603397    0.032302085    0.033946129
     0.96703297    0.031292733    0.032947807
     0.96803197    0.030283376    0.031949479
     0.96903097    0.029274011    0.030951145
     0.97002997    0.028264641    0.029952804
     0.97102897    0.027255265    0.028954457
     0.97202797    0.026245882    0.027956105
     0.97302697    0.025236494    0.026957746
     0.97402597    0.024227100    0.025959381
     0.97502498    0.023217699    0.024961011
     0.97602398    0.022208293    0.023962635
     0.97702298    0.021198882    0.022964253
     0.97802198    0.020189464    0.021965865
     0.97902098    0.019180041    0.020967471
     0.98001998    0.018170612    0.019969072
     0.98101898    0.017161178    0.018970668
     0.98201798    0.016151738    0.017972258
     0.98301698    0.015142293    0.016973842
     0.98401598    0.014132842    0.015975421
     0.98501499    0.013123387    0.014976995
     0.98601399    0.012113925    0.013978564
     0.98701299    0.011104459    0.012980127
     0.98801199    0.010094988    0.011981686
     0.98901099   0.0090855111    0.010983239
     0.99000999   0.0080760294   0.0099847867
     0.99100899   0.0070665427   0.0089863298
     0.99200799   0.0060570511   0.0079878679
     0.99300699   0.0050475546   0.0069894010
     0.99400599   0.0040380532   0.0059909294
     0.99500500   0.0030285470   0.0049924529
     0.99600400   0.0020190360   0.0039939717
     0.99700300   0.0010095203   0.0029954857
     0.99800200     0.00000000     0.00000000
