       x:             approx:          exact:  
   0.0099009901     0.17611913    0.084365719
    0.019801980     0.25039835     0.15984531
    0.029702970     0.31663566     0.22727644
    0.039603960     0.37558917     0.28741779
    0.049504950     0.42794548     0.34095657
    0.059405941     0.47432648     0.38851515
    0.069306931     0.51529545     0.43065728
    0.079207921     0.55136256     0.46789354
    0.089108911     0.58298989     0.50068639
    0.099009901     0.61059595     0.52945469
     0.10891089     0.63455983     0.55457783
     0.11881188     0.65522485     0.57639941
     0.12871287     0.67290198     0.59523067
     0.13861386     0.68787289     0.61135349
     0.14851485     0.70039268     0.62502319
     0.15841584     0.71069240     0.63647100
     0.16831683     0.71898133     0.64590639
     0.17821782     0.72544903     0.65351905
     0.18811881     0.73026717     0.65948081
     0.19801980     0.73359126     0.66394729
     0.20792079     0.73556212     0.66705944
     0.21782178     0.73630733     0.66894494
     0.22772277     0.73594242     0.66971941
     0.23762376     0.73457204     0.66948758
     0.24752475     0.73229097     0.66834432
     0.25742574     0.72918505     0.66637555
     0.26732673     0.72533205     0.66365908
     0.27722772     0.72080239     0.66026539
     0.28712871     0.71565985     0.65625833
     0.29702970     0.70996220     0.65169571
     0.30693069     0.70376179     0.64662990
     0.31683168     0.69710599     0.64110834
     0.32673267     0.69003774     0.63517400
     0.33663366     0.68259592     0.62886577
     0.34653465     0.67481573     0.62221891
     0.35643564     0.66672909     0.61526534
     0.36633663     0.65836488     0.60803396
     0.37623762     0.64974925     0.60055098
     0.38613861     0.64090592     0.59284010
     0.39603960     0.63185635     0.58492281
     0.40594059     0.62261998     0.57681857
     0.41584158     0.61321441     0.56854499
     0.42574257     0.60365560     0.56011805
     0.43564356     0.59395799     0.55155220
     0.44554455     0.58413467     0.54286053
     0.45544554     0.57419749     0.53405491
     0.46534653     0.56415718     0.52514607
     0.47524752     0.55402346     0.51614374
     0.48514851     0.54380514     0.50705675
     0.49504950     0.53351019     0.49789307
     0.50495050     0.52314584     0.48865992
     0.51485149     0.51271862     0.47936386
     0.52475248     0.50223447     0.47001083
     0.53465347     0.49169875     0.46060617
     0.54455446     0.48111632     0.45115478
     0.55445545     0.47049159     0.44166104
     0.56435644     0.45982855     0.43212896
     0.57425743     0.44913079     0.42256214
     0.58415842     0.43840161     0.41296387
     0.59405941     0.42764395     0.40333710
     0.60396040     0.41686051     0.39368452
     0.61386139     0.40605371     0.38400857
     0.62376238     0.39522576     0.37431145
     0.63366337     0.38437864     0.36459515
     0.64356436     0.37351418     0.35486148
     0.65346535     0.36263400     0.34511209
     0.66336634     0.35173958     0.33534844
     0.67326733     0.34083226     0.32557190
     0.68316832     0.32991327     0.31578366
     0.69306931     0.31898370     0.30598484
     0.70297030     0.30804455     0.29617642
     0.71287129     0.29709672     0.28635933
     0.72277228     0.28614103     0.27653436
     0.73267327     0.27517822     0.26670228
     0.74257426     0.26420897     0.25686374
     0.75247525     0.25323388     0.24701935
     0.76237624     0.24225349     0.23716967
     0.77227723     0.23126832     0.22731520
     0.78217822     0.22027881     0.21745639
     0.79207921     0.20928536     0.20759364
     0.80198020     0.19828836     0.19772733
     0.81188119     0.18728813     0.18785779
     0.82178218     0.17628499     0.17798533
     0.83168317     0.16527919     0.16811022
     0.84158416     0.15427101     0.15823272
     0.85148515     0.14326065     0.14835304
     0.86138614     0.13224833     0.13847140
     0.87128713     0.12123422     0.12858797
     0.88118812     0.11021851     0.11870293
     0.89108911    0.099201335     0.10881643
     0.90099010    0.088182838    0.098928612
     0.91089109    0.077163143    0.089039590
     0.92079208    0.066142363    0.079149482
     0.93069307    0.055120600    0.069258391
     0.94059406    0.044097947    0.059366409
     0.95049505    0.033074489    0.049473621
     0.96039604    0.022050300    0.039580101
     0.97029703    0.011025449    0.029685920
     0.98019802     0.00000000     0.00000000
